Latency
62748
28973
30380
30091
29967
30178
31875
31654
30730
32026
31416
31364
32028
32675
31973
30705
31172
31323
31643
30993
32045
31855
32785
31825
33181
31493
32703
31785
31998
33753
30893
32142
33186
32255
33768
31070
31993
31714
32324
32488
32967
31657
32095
31232
32280
33026
31871
32724
31456
32114
30740
32107
32077
33518
31971
31760
33970
32918
32272
32147
32360
31900
32220
33410
31123
32327
31397
32705
32568
32251
30688
34178
32738
30537
31055
31727
32710
32993
31703
31628
33135
32883
30905
31818
32945
32264
32744
33883
32181
32521
32574
32833
33404
31730
31542
32776
32636
33257
32650
33835
31443
31631
32270
31552
31982
31547
33540
31498
31786
32602
32170
33833
32428
32413
32793
33328
32527
30650
34205
33124
32111
33828
33160
33015
33275
31677
32505
33768
33942
31653
32097
33431
32033
32353
32833
32477
32110
34328
31265
32284
32326
33243
32510
32113
32616
33048
34550
33402
32893
33865
33664
33343
32845
32322
31553
31693
32463
32702
32924
31801
31302
32974
33936
32202
32787
32225
31103
32416
33266
31697
31854
31705
31911
32102
31424
34014
33222
32258
31838
31684
31982
31826
33056
31561
32880
32496
32964
34110
31480
32808
32780
33607
32418
32561
33022
32421
31344
32897
31206
33135
34223
32772
33614
33050
32820
33078
34110
32381
33614
32500
32315
32777
31924
32154
32397
33804
32194
31765
32136
32543
33831
33213
32153
32282
34408
32372
32791
32983
32170
32204
32171
31960
33528
30933
33415
32164
31785
33442
32612
33133
32561
33721
31621
31017
33294
32715
32841
33032
33354
32700
31390
33134
31246
31630
32931
33238
34477
33727
31634
33836
33021
32438
33222
33031
31748
31987
34221
33720
33738
30862
32123
32520
31720
32364
32632
32458
33115
31971
32898
31737
33222
31985
32628
33422
31421
33747
32021
32275
32176
33052
32755
33548
31488
31112
32607
31806
32406
34301
33171
32270
32921
32084
31917
31144
32664
31402
32103
33645
34028
31431
32492
32583
33291
33732
32133
32622
32972
33228
32507
32490
33321
33857
31565
33530
31674
32368
33660
33514
31520
31957
32754
32931
32523
31906
33061
32672
32125
31635
32863
18890
30712
33735
31054
33187
31841
33280
32852
31320
32893
32322
32793
32401
32485
32396
32903
31320
30684
33266
34096
32836
31841
32031
33228
31845
33128
33250
32338
32254
33200
31507
32323
32428
33084
33022
33273
31600
32456
32790
31274
32132
31733
32227
32872
32692
33681
31406
31454
32374
32762
32778
32630
31850
32397
32454
32325
32472
32191
33561
32124
31844
34264
32148
34136
32496
33038
32680
31121
31391
33501
32432
31005
33225
32563
32380
34051
32968
33360
33793
30808
32181
32614
32397
31654
33638
33382
32900
31962
30282
33685
31526
31033
32852
32197
32760
32995
32643
31827
30795
32458
32151
33180
33406
32842
33790
33264
32043
31602
33612
32771
32924
34916
31877
33432
34458
32446
31978
33072
31488
34486
31558
31670
32051
32508
31892
32542
32832
32630
32812
31998
32995
33780
32554
33003
31733
33593
32847
32860
31867
32848
33047
32852
33600
31701
31242
33477
31894
30801
33672
34190
33043
33671
32305
32197
32095
32584
31397
32772
32945
32918
33213
32466
32893
32581
33260
32711
33006
33363
33210
32358
32160
32748
31917
33095
32825
32734
32304
32945
32155
31088
33470
32654
33130
33593
32697
34032
34503
32301
32494
30452
32934
31825
34020
33108
33220
33154
33392
31002
32808
31811
31936
31935
33025
32062
30062
33605
31842
32284
32651
33184
32934
32216
32724
33124
33125
31295
32233
32492
32710
37098
33636
34704
31851
33018
32626
31711
32011
33981
31198
31853
32034
32826
34118
33383
32086
31906
31775
31194
33534
32756
32471
32518
37313
32810
32258
31664
32490
34247
31144
33073
32537
32284
32660
33015
33046
31897
33158
32757
31862
32867
33343
32884
31785
31074
32275
31905
31991
32216
31930
33424
33166
31304
33182
33833
34582
33700
31947
31273
31762
32200
32674
33680
32928
33100
32834
32182
32172
31891
31350
33914
33995
32652
31798
32608
31443
33817
33282
31276
33132
33038
32697
33446
32803
32152
31702
32080
33161
33413
31687
32575
33124
32812
31447
33095
33141
32163
31551
33373
32755
32063
31028
32425
32665
32686
30770
31733
32577
32734
32446
33178
31856
33031
33741
32590
33304
32232
32252
32700
31825
33118
32657
33237
31753
32632
32647
33750
32737
32467
33234
31064
31732
30256
31320
32027
32533
30871
32591
33087
37552
32560
32414
33086
32336
32752
33344
32174
32486
33052
31655
34645
31887
32108
31250
31156
32838
32928
32330
33096
33796
32214
33602
30826
31837
32198
32320
32375
34318
32176
33594
33957
33003
32710
32682
33411
30510
32960
33364
32250
33188
33251
32902
32823
32292
33924
33196
31461
32248
33122
32238
32018
32638
33555
31115
32622
33825
31824
32343
32617
33873
32812
32770
32525
33700
31962
33050
31957
31737
30794
33115
31112
32365
32451
32684
32166
34075
31333
33587
32563
32286
33281
32125
33315
32326
32970
33146
31056
32104
33763
30967
33282
33004
31434
32687
33033
32497
32671
34282
32341
32577
32394
32171
31680
31342
32096
31280
32320
32861
31900
32264
33537
33511
32071
34012
31496
38303
32368
32488
30552
32555
32454
32781
32701
32323
32738
32865
30842
32896
34367
30553
33213
33671
32432
32154
33076
33124
32191
31966
31613
32568
32378
32337
32100
31876
31638
34057
33463
33140
31891
33903
32430
30751
32326
31884
32157
33028
32903
32292
31667
33278
32828
33217
32611
32778
31550
32291
32253
32992
30997
31720
32892
34824
31521
32702
32676
32817
32358
32900
32126
32543
32983
33510
33048
34425
32774
33218
33278
31423
32084
32321
33175
30996
31473
31642
33176
32123
32912
33354
32596
31686
32553
3549644
