Latency
32107
109477
26247
25977
25830
26056
26001
26380
26223
27214
27017
26671
26658
26947
27227
27304
27205
26766
27143
27072
27212
27148
26685
27067
26714
26968
26980
27366
27247
26902
27261
26994
26794
26975
27257
26745
27580
26770
26488
26742
26596
26883
27190
27350
27201
27325
27076
26848
27268
27758
27511
26997
27275
26683
27267
27697
27337
26727
27075
27323
26662
27593
26396
27030
27408
27825
27600
27522
26980
27092
26744
27357
26755
26817
27094
27040
26553
27080
27115
27801
27427
27183
26812
27287
27470
26967
27775
26836
27320
26755
26924
27112
27231
27390
27560
27034
27433
27666
26736
26952
27363
27548
27571
27426
27217
26724
26817
27242
27471
27201
27276
27111
26796
27296
27560
27082
27136
26924
27831
27508
27438
27703
26988
27222
27152
26734
27166
26948
27423
26927
26963
27551
27321
27521
26813
27360
27650
27006
26863
27275
27496
27195
27385
27957
26830
27415
27514
29518
27151
27263
27658
27337
27505
27248
27317
26973
27184
27065
27046
27297
26996
27273
27060
27150
26995
27070
27832
27608
27392
26704
27124
27434
27728
27805
27113
27485
27671
27318
27531
26976
27201
27166
27152
27190
26971
28195
26742
26697
27607
27403
27320
27284
27445
27541
26925
27607
27293
27633
27172
27396
26892
26751
27638
27473
26945
27388
26708
26617
26734
27431
26941
27640
27096
27484
26856
27043
27303
26856
27354
27822
27217
27645
27070
30056
27291
27486
26996
27515
27463
26965
26647
27534
27395
26678
27143
27496
27591
27351
26686
27287
27534
27083
27757
26992
27377
27296
27695
27401
27490
27297
27063
27495
26694
26996
27547
26846
27006
27027
27055
27458
27326
27367
27325
27356
27392
27518
26826
27341
26871
26945
26871
27793
27262
27580
27098
27354
27606
27038
27848
27352
27443
27320
27317
26928
26901
26958
27653
26827
27353
27391
27004
27012
27511
26905
27508
27265
27220
26802
27037
27321
27510
27260
26794
27498
27344
26945
27312
27045
27471
26864
26813
26955
26853
27250
27477
27070
27586
27303
27425
27041
27284
27524
27456
27301
27226
27427
27035
27263
26877
27738
27371
27588
27397
27500
27383
27363
26987
27496
27540
27281
27508
27150
26963
26748
27318
26721
27360
27472
27386
27552
27153
27728
27261
27507
27312
27123
27231
27152
27612
27642
27078
27695
27032
26813
26900
27072
26955
27397
26797
27522
29717
27360
26972
27012
27543
26877
26847
27463
26608
27381
26788
28062
27392
26952
27378
26951
27354
27540
26914
27530
27126
27086
26988
27317
27495
27308
26805
27495
26898
27468
27232
27485
26963
27264
27505
27104
27675
27170
27318
26896
27027
26800
26934
27521
27395
26923
26986
27496
27715
28154
27504
27727
27764
27691
27724
27716
27478
27345
26785
26924
27444
28112
26990
27376
27398
26973
27563
27368
27774
27368
27307
27872
26881
26852
26826
27018
27258
27593
27402
27757
27070
27273
27731
27015
27253
27550
26957
27474
27646
27342
27374
27387
27226
27467
27091
27036
27812
27514
27247
27094
26788
27150
27320
26723
27368
27244
27976
26880
27138
27570
27083
26987
27590
27306
27338
27682
27331
27722
27355
27284
27076
27317
26898
27416
27515
26916
27282
27415
27726
26893
27652
27731
27035
27563
27502
27273
27623
27241
26685
27137
27315
26942
27328
27517
27016
27442
26980
27288
27297
27283
26825
27403
26852
28090
27344
27461
27272
27535
27625
27076
27624
27117
27344
27138
27002
26874
27956
26854
27320
26721
27411
27423
27411
27495
27483
27385
27575
27171
27236
26913
27612
26945
27242
26784
26815
28664
26781
27388
27510
27377
26888
27775
27451
26911
27372
26903
27523
27347
27438
27420
27581
26868
26846
27671
27441
26824
27144
27476
27342
27381
27670
27573
27312
27424
26896
27518
26950
26788
27718
27723
26917
27337
27018
29587
27384
27154
27594
27871
27617
27750
27293
26806
27354
26770
27101
27566
27215
27442
27547
27203
27277
27093
27317
27055
27292
27245
27000
27420
26628
27245
27402
27432
27664
27401
26615
27325
27477
27224
27153
27302
26923
27232
26900
26720
27203
26913
27023
27593
27628
27322
27730
27361
26926
27408
27473
27238
27561
26973
27604
27371
26838
26995
26840
27426
27682
27290
27503
27130
27528
27631
27442
26884
27565
27435
27208
27137
27288
27507
27218
27685
27812
26918
27477
26918
27565
27694
27172
27718
26990
27265
27440
27066
27703
26860
27373
26950
27481
27654
27441
28111
27375
27017
27847
27378
26735
26923
26838
27007
27275
26771
27254
27038
27012
26557
26668
26950
27073
27462
27043
27194
26943
26857
27518
26764
27002
27423
26812
27254
26644
27846
27472
27854
27203
27112
27041
27360
27112
27362
27390
27532
27163
27800
27318
27737
27673
27780
27498
27008
26984
27496
27365
27627
27350
27533
27012
27431
28997
26953
26861
27694
26886
27350
28138
27030
27447
27770
26971
27405
27204
27244
28067
27192
27665
26771
27463
27782
27446
27875
27344
27474
27067
26894
26927
27453
27476
27175
27127
26880
27433
26751
26810
27684
27208
27304
27061
27065
27425
27027
27290
27011
26786
27653
27025
27065
27315
27237
27284
27675
26795
26993
27408
26982
27618
27062
26985
27580
27617
26998
26983
27703
27681
27411
26865
27327
27118
27516
26928
26860
27403
27452
27603
27377
27001
27252
26772
27273
27467
26784
27354
27823
27167
27396
27150
27654
26904
27728
27196
27316
26934
27414
27335
26854
27388
26864
27450
27527
27274
27358
26843
27530
27406
27278
27345
27314
27453
27303
27372
27290
26997
27535
27271
27348
27518
27022
27301
27433
27477
27456
27258
27532
26906
27595
27608
27134
27263
26861
27200
27178
27631
27016
27326
27783
27654
27506
26905
27278
27264
27722
27458
26705
27064
26877
27244
26890
26771
27581
27628
27021
27381
27366
26972
27404
26848
27042
27337
27431
27434
27223
26765
26990
27575
27181
27560
27271
27377
26884
27026
26915
26667
27094
27405
26814
27134
27633
26974
27066
27617
27047
27194
26876
27008
27385
26968
27251
26978
27477
27876
26884
27532
27254
27058
27346
27635
26958
26722
27453
27381
27386
27435
27003
27690
27593
27303
27487
27355
27601
27196
27242
27212
27502
26883
27584
26906
27441
27668
27400
26914
26806
27198
29107
26972
27577
26884
27408
27543
27086
26846
27435
27406
27515
27551
27031
27523
26890
27451
26758
27362
27650
26786
28006
27347
27106
27580
26876
27202
27025
27368
27478
27248
27101
27254
27352
27583
26902
26891
27457
26760
27397
27510
27502
26948
27676
26906
26968
26930
27346
27517
26900
26807
27735
27527
27422
27051
27342
27437
27614
26876
27358
27415
27331
27516
26968
27315
27514
27196
27342
27081
27416
27047
27317
27606
27058
27441
27032
27322
27736
26805
27077
27524
26777
27188
27237
26830
26990
27323
27925
26632
27678
27386
27395
27715
27211
27030
27462
27447
27184
26832
27298
27570
27093
27056
26897
26821
27424
27020
27947
27300
27092
27241
27387
27522
27253
27331
26764
26787
27604
27150
27617
27197
26825
27492
27630
27088
27658
26815
27013
27471
27363
27174
27277
27296
27564
26928
27423
26634
27456
26943
27095
27723
27406
28100
26843
27573
28012
27616
27297
27653
27303
27483
26972
27652
27740
27068
27622
27755
27538
27391
27753
26886
27460
26917
27346
27804
27088
26948
26996
27574
27755
27010
27432
27025
27363
26881
27244
27326
27228
26500
26743
27277
27023
27440
27594
27216
27183
27402
27755
27005
26768
27781
27045
27718
26897
27484
27593
26852
27346
27231
27360
26741
27157
26941
27683
27134
27335
27116
27098
27341
26777
27223
27568
27058
27051
27808
27235
27505
27125
27318
27582
27743
27364
27175
27482
28890
27288
26901
27245
28096
27338
26947
27593
26520
27642
27115
27530
27485
27337
26692
26982
27482
26914
27444
27916
27350
27420
27440
27553
27207
27860
27530
27617
27554
27027
26720
27398
27332
26835
27360
27385
26895
27165
27346
27776
27594
27001
27643
27507
27622
27135
27763
27958
27406
27443
27764
27653
26692
27148
27676
26796
27566
26885
26955
27364
27101
27654
27614
27561
26834
27642
26958
27282
26830
26682
27420
27525
27748
27517
27844
27592
27583
27485
26942
27301
27400
27601
26947
27084
27187
27347
27254
27631
27405
27552
27142
28155
27464
26947
27264
27723
27091
27720
26841
27298
27106
27392
27428
27168
27515
28030
27008
27391
27103
27733
27698
26962
26885
26960
27334
27333
27497
27158
27146
27366
26874
27690
27675
26915
27215
27577
26944
26981
27254
27001
27323
27373
27292
27493
26633
27093
26975
27690
27153
27725
26996
27501
26976
27331
27581
27021
27644
27295
27343
27113
27341
27225
27606
26971
27367
27357
27491
27425
27070
27357
27390
26857
27384
26848
27042
27691
27075
27691
26978
27301
27633
27410
26886
27310
26832
27255
26845
27725
27297
26655
26838
27468
27514
27107
27588
27043
27577
27000
27367
27636
27537
26828
27400
27671
26944
27397
27271
27064
27324
27566
27667
26950
27918
27564
27253
27483
26875
27354
26852
27361
27482
27246
27388
27263
27481
26837
27012
27381
27433
27053
27411
27066
27102
29181
27120
27308
27664
26875
26710
27145
26994
27617
27285
27044
27565
27683
27352
27747
27784
27434
27017
26970
26582
26993
27494
27712
27404
26885
27003
27603
26924
27350
27035
27347
27645
27032
27494
27051
27488
27241
27046
27485
26995
27487
26944
27502
27415
27206
27408
26983
27724
26881
27337
27801
27081
27274
27477
27044
26910
27455
27407
27002
27423
27493
27590
27037
27805
27490
27666
27480
26960
27020
27744
27631
27562
27028
27384
27372
27592
26970
27322
27568
27361
27286
26814
27398
27422
26852
27068
26948
27488
27297
27152
27488
27240
27234
26940
27200
27013
27331
26876
26875
26564
27065
27240
27534
26563
27062
27222
27421
27584
27074
27608
26932
27796
27485
27603
26607
27830
27313
27057
27580
27204
27744
27706
27337
27546
27735
27620
27652
27512
27413
27076
27443
26915
27568
27573
27494
27292
27440
27250
27485
27738
27296
27293
26928
27324
27116
26861
27370
27326
27412
27640
27657
26730
27663
27073
27787
26994
27627
27485
27418
27483
27251
26925
27287
26953
26823
26820
27433
27323
27491
26973
27157
26972
27124
27378
27093
27868
26938
27333
27432
27956
26758
27215
27465
26987
27528
26727
28037
27531
27708
27097
26893
27083
27132
27871
27424
27830
27214
27488
26801
27445
27846
27523
27797
27547
27011
27416
27286
27941
27232
27000
26817
26918
27690
27482
27098
27381
27376
27456
27451
27234
27424
27793
27383
29682
27057
27583
27577
27374
27590
26993
27544
26974
27498
26815
27032
27300
26981
27201
26884
28070
26927
27307
26818
27520
26843
27242
27481
26941
27200
27426
27723
27497
26955
27145
27053
27343
27357
26736
27383
27758
27235
26702
27195
26671
27423
27262
27351
27116
27881
27513
26978
27376
26955
27387
27371
27582
26908
27541
27436
27376
27497
27318
27386
27601
26962
27368
27517
26943
27108
27678
27340
27306
26811
26903
27794
26436
27497
26933
27168
27416
27135
27393
26931
26917
26941
26924
26773
27470
26927
27237
27454
27044
27054
27393
26916
27472
27630
27046
27422
27463
27368
27031
27264
27403
27301
27557
26907
27426
27683
27143
27275
27438
27041
27107
27473
27633
26984
27563
26970
27333
27155
27387
26885
27198
27560
27336
27576
27042
27404
27878
27548
27050
27384
26912
26913
27463
26754
26675
27533
27650
27397
26595
26996
27837
27121
27168
27011
27652
27424
27235
27535
27403
27110
27143
27468
26918
27143
27323
27678
27444
27738
27156
27536
27592
27395
27344
27494
27888
27660
27503
27345
26632
27423
27483
27037
27428
27466
26960
27386
27226
27768
26755
27292
27594
26817
27372
27471
26876
26955
27316
27685
27814
27561
27397
27353
27028
27346
27062
26747
26905
26781
26917
27654
26558
27375
27631
27471
27481
27110
27137
27508
27970
27130
27624
26796
27458
27564
27061
27106
26990
27160
27278
27173
27182
27741
27311
26885
27384
26853
26864
27271
26981
27338
26952
27361
27008
27286
26958
27324
27362
27602
26847
27082
26962
26902
27003
27204
27682
27138
27581
27566
27332
27477
27157
27572
27393
27625
27006
27345
26898
27464
27380
27654
27062
27982
27314
27427
26700
27565
26562
27576
27458
28318
27345
27725
27518
26977
27510
26927
27624
26747
27247
27435
27354
27362
27510
27043
27428
27584
27298
27612
27727
27054
27558
27330
26884
27245
27532
27053
27016
27331
27350
27175
26916
26830
27282
27347
26918
27570
27536
27155
27537
27221
27264
26937
27231
27138
26964
27036
27470
27595
27160
27360
27244
26898
27258
26821
27015
27608
27275
27624
27886
27796
26782
27351
27568
27143
27421
27605
26860
26916
27905
26854
27518
27530
26842
27390
27500
27141
26858
26995
27441
27391
27417
27625
27467
27447
26858
27408
26962
27087
27095
27225
27095
27577
27821
27504
27073
27488
26993
27365
27315
27167
26921
26800
27473
27051
26897
27070
27208
27587
27601
27174
27068
27796
27385
27558
26824
26908
27381
27093
27346
27502
27408
27680
27637
27063
27710
27430
27351
26987
27475
27593
27822
27154
27177
27035
27037
27253
26862
27038
26664
27156
27376
26927
27380
27692
27137
27416
28207
27275
26847
26863
27458
27321
27341
27350
27692
27054
27862
28108
27117
26918
27713
27190
27106
27345
27505
27307
27466
26901
27418
27430
27054
27345
27298
26916
26952
27670
28724
27041
26840
26783
27364
27533
27292
27758
27276
27128
27558
27137
26840
27336
26923
26916
27170
27307
26810
26947
27367
26985
27073
27401
26891
27487
27294
27107
27263
27097
27376
27601
27751
27698
27305
27344
26764
27487
27053
27375
27653
27077
27563
27370
27021
27441
27044
27104
27047
27500
27608
26934
27494
28137
27363
27473
27356
27495
26845
27771
27376
27112
27121
27644
26941
27904
27722
27061
27307
26605
27172
26717
26921
27460
27681
27358
27595
27318
27882
27275
27618
27155
26773
26988
27280
26882
26863
27488
26863
27070
27492
27230
27356
26964
27446
27106
27300
27485
27236
27514
26882
27284
26994
26726
27927
27875
26791
27557
27331
27300
27822
27376
27286
27092
26895
27234
27282
27814
27603
27571
26983
27325
27672
27418
27320
27424
27714
27573
27534
27334
27594
27931
27314
26636
27247
26784
27565
27400
27106
27772
27634
26975
27681
27026
27647
27121
26770
27314
27322
27380
27001
27315
26737
27330
26860
27606
27337
27055
26965
27706
27291
28008
26898
27415
26836
27487
27236
27493
26961
27255
26737
26931
27301
27413
27053
27361
27563
27135
26927
27111
26752
27315
26766
27277
27033
27040
27278
27275
27467
27545
27061
27223
27156
26813
26740
26918
27058
27557
27391
26842
26890
27460
27801
27884
26627
27138
27114
27278
27971
27240
26717
27020
27120
27345
26922
27321
26962
27053
27178
26943
27435
26755
27127
30224
27450
27480
26865
26954
27365
27523
27617
27256
27481
27235
27471
28112
27291
27354
27828
27344
26990
27458
27761
27755
27551
27335
27131
27426
27314
27061
27365
26614
27098
27575
27180
27964
27115
27503
27232
26902
27323
27646
26625
27271
27436
27991
27590
26974
26917
27501
27202
26871
26708
26931
28103
26844
26831
27305
27534
27413
27481
27013
27474
27686
27530
26946
27427
27637
26972
27557
26852
27357
27225
27366
27351
27290
27391
27490
27045
26881
26923
27474
26852
27267
27170
27206
27806
26910
27534
27491
27304
27858
26768
27046
27092
27142
26700
27581
27386
27410
27276
26953
27665
27583
27401
26961
27048
27278
27470
27623
26952
27036
27454
27344
27037
27422
27646
27058
27605
27234
27605
27292
26936
27261
27367
26961
27586
26922
27448
27738
27514
27437
26975
27442
27288
27841
27532
26772
26884
26858
26884
27006
27433
27443
26965
27673
27732
27296
27681
27227
27557
26916
27303
26742
27402
27255
27434
27145
26857
26932
27498
27168
27431
27101
27644
27914
27094
27517
27334
27556
27266
27258
27482
27598
26688
27092
26521
26657
27504
26970
27102
26917
27611
27404
26993
27290
27512
27322
27766
27768
27476
26678
27156
26860
27885
27490
27006
27408
26927
26842
27715
27318
27114
27387
27378
27371
27387
27488
27238
27752
27686
27360
27384
27364
26765
26856
26934
26854
27240
27670
27498
27623
27261
26736
27273
27677
28817
27806
27435
28033
27600
27444
26737
26826
26924
26984
26852
26955
26787
27146
27320
26933
27393
27281
27422
26971
26926
27294
26828
27393
27485
27094
27524
27197
27433
27917
27136
27430
26991
27418
26988
27476
27418
27403
27093
27460
27111
26860
27392
27075
27234
27401
27556
27481
27595
27290
27254
26980
27763
27031
27321
26868
27537
26880
27432
27318
26956
27956
27893
27003
27632
27000
27474
26903
27666
27517
27087
27234
27088
27291
26861
27031
27660
27686
26696
27328
27483
27366
27135
27446
27453
27476
26813
27358
27493
27341
27506
27118
27314
27577
27145
27363
26997
27270
27097
26934
26963
27397
27836
27473
26927
26773
27348
26920
27130
26720
27096
27492
26990
27403
28370
27367
27052
27360
27566
27454
27510
27242
27504
27041
27531
26882
27653
27243
27485
27022
27492
27600
26836
27547
27316
27581
27020
26783
27422
27226
27780
27413
27365
27464
27538
27394
27338
27752
27497
27387
26796
27361
26940
26930
26858
26800
27434
27156
26947
27538
27244
27452
27398
27420
27386
27374
27206
27553
27223
26951
27338
26844
27326
27548
26790
27232
27658
27334
26997
26948
26895
27376
26991
27501
27814
27300
27423
27797
27087
27431
27458
26971
27683
27297
27402
26962
27608
27540
27345
27418
27864
27662
26792
27660
27412
27490
27645
27283
27954
27394
27097
27515
27293
27654
27558
27428
26905
27492
27303
27207
27591
27743
27818
32142
27143
27315
27354
26941
27808
28102
27355
27426
26992
27338
27421
26956
27408
27653
27126
27698
27601
27386
27037
27353
27877
27225
27782
27800
27922
27266
26814
27642
27421
27145
26656
27131
27371
27016
27438
27942
27600
26763
27320
26888
27771
27451
27362
27327
26954
27582
27400
26982
27416
27030
27371
27584
27085
26877
26990
27645
26936
26961
26827
27021
27684
26886
27236
27168
27447
27037
27455
27056
27223
30250
27272
27092
27277
26793
27477
26985
27346
27886
27248
27713
27015
27191
26978
27118
27240
27385
27081
27174
26815
27224
26888
27300
27610
27817
27598
27492
27053
26951
27831
26987
27447
26943
27675
27742
27106
27254
26908
27104
26734
27248
27492
27444
27501
27392
27167
27394
26866
27355
27308
27500
27487
27232
26907
27042
27485
27608
27106
27553
27457
26677
27010
26865
27514
27436
27293
26975
27415
26857
27420
27685
26995
27520
27252
27383
27655
27230
27655
27527
27856
26973
27423
26931
27324
27173
27243
27663
26648
27093
27172
27032
27423
27200
27355
27146
27424
27607
26926
27504
26846
27676
26913
27393
27332
27092
26791
26984
27056
27531
27746
27351
26960
27074
27718
27306
27423
27251
27374
27994
27291
26766
26851
27432
26996
27001
27021
27404
27520
27297
27336
26926
27435
27506
27382
26962
26887
27420
26691
27708
26850
27410
27336
27791
26963
27311
27294
27004
27343
27251
26907
27485
27072
26958
27417
27240
27133
26878
27251
26885
27442
27384
27271
27067
27026
27302
27328
27261
27621
27246
27686
26942
27375
27384
27081
27397
27893
27355
27554
27441
27406
27065
26813
26817
27470
27827
27093
27040
27148
26957
27498
27434
27075
27307
27318
26932
27327
26542
27304
26866
26964
27553
26800
27411
27683
27848
27422
27310
27234
26935
27543
26918
27347
27217
26881
27622
27476
27221
27308
27202
27076
26973
27356
27483
27446
27332
26776
27027
27382
26748
26918
27425
26882
27458
26657
27325
27654
27460
26881
27438
27206
27387
27863
26815
26733
26940
27284
26913
27025
27480
27488
27160
26963
27725
26900
27531
27563
27088
27091
26635
27118
26894
26952
27451
26662
27041
26963
27474
27454
27198
27697
27064
26732
27278
27370
26917
27462
28031
27382
27681
27423
27027
26571
27091
27295
27005
27423
26902
27461
27492
27812
27487
27642
26776
27191
27245
27318
27304
26857
27484
27311
27626
27067
27502
27845
27284
26900
27372
27461
26983
27361
26878
27632
27100
27372
26983
26774
27443
27001
27393
27927
26903
27297
26906
27552
26836
27262
27493
27038
27347
26891
27574
27606
27947
27174
27311
27646
27398
27757
26982
27264
27250
26766
27452
26604
27445
27325
27091
27375
27056
27011
27501
27013
27621
27347
27233
27186
27231
26981
27350
26878
27692
27613
27030
27013
26877
27685
27317
26836
27427
27340
26984
27368
26798
27323
26972
27341
27653
27363
27758
27463
27556
27242
27330
27751
27021
27561
26747
26911
27072
27136
27555
27395
27492
26975
27311
27362
27434
26964
27410
26807
27265
26817
26801
27241
28776
26756
27353
27688
27308
26593
26952
27656
27146
27473
26915
27521
27527
27536
27720
27271
26833
27313
27730
26737
27704
27426
27517
27392
27743
27010
27678
27820
27390
27526
27297
27398
27702
26731
27470
27522
27937
27476
27071
27416
26934
27383
26985
27893
27131
27178
26752
27220
27362
27261
27678
27004
27612
26861
27514
27467
27352
27558
27300
27887
26883
27163
27753
26986
27336
26778
27414
26566
27046
27932
26971
27346
27417
27235
27597
26987
27313
27047
27393
26988
27404
26736
27533
26785
27078
27008
27542
27638
27381
27887
27390
26888
27282
27887
27004
27230
26607
27012
27608
27547
26862
27387
26965
27492
27692
27536
27121
26624
28003
27544
26720
27341
27111
26966
27636
27197
27263
27644
27256
27660
27487
27574
27412
26741
27322
27240
27467
27100
27241
26797
27155
26670
27251
27762
27222
27522
26913
26990
27453
27571
27388
26910
26632
27250
27296
26814
27897
27011
27468
27120
27470
26983
27474
27880
27165
27331
27051
27312
27162
27316
27504
27668
27148
26992
27056
27470
26683
27425
27026
27481
26921
26875
26931
27260
27758
27253
27346
26852
27544
26878
27374
26648
27442
27646
27016
27981
27018
26978
27241
27347
27587
27143
27851
26700
27482
27557
27267
27382
27314
27042
27364
27201
27342
27677
27566
26968
26960
27360
27472
26700
27013
27763
27615
27051
27802
27695
27420
27310
27295
27565
27714
27434
27040
27564
26795
27541
26818
27641
27430
27357
27794
27591
27677
27804
27313
27982
26970
26898
27168
27303
27266
27325
27388
27495
27418
27433
27400
26983
27458
26943
27020
26954
26853
27070
27376
27460
27296
27546
27042
26676
26904
26652
28148
27447
27326
27057
27022
26723
27415
27514
27367
26868
27424
27343
27004
27667
27526
27260
27514
27042
26954
27121
27013
27243
27047
27396
26718
27343
27378
27401
27706
27357
26926
27225
27580
27534
27025
27544
27170
27918
26926
27332
26685
27653
27001
26947
27376
27021
27422
27443
27595
27618
27261
27426
27458
26912
27434
27033
27304
27033
27448
27333
27034
27234
27071
27392
27528
27407
27518
27323
27066
26996
27214
27614
27523
27825
27003
27505
27134
27443
27505
26891
27898
27430
27400
27097
27382
27410
27071
27427
27174
27155
27260
27246
27560
27427
27616
27337
27805
27820
27241
27495
27340
26815
26937
27176
27484
26966
26740
26928
27470
26753
27357
26981
27327
26901
27826
27750
27365
27685
27366
27071
27254
26735
27245
27458
26857
27366
27522
27505
27703
27352
27570
27428
27474
27313
26841
27332
27606
27566
27262
27456
27510
27572
27514
26966
27356
27498
27244
27867
27364
26745
26868
26890
27466
27364
27271
27618
26887
27196
27467
27453
27116
26878
27086
27511
27401
27471
26750
27297
27485
26863
27297
27801
27354
26810
27586
27208
27244
27011
27255
27842
27482
27365
27427
27065
27210
27757
27282
27032
26982
27257
26950
27142
26915
27308
27435
27258
27818
27521
27288
27107
27381
27583
27213
27370
27533
27224
27290
27091
27564
27440
27181
27094
27337
27683
27808
27497
27517
27836
26680
26644
27634
27280
27360
26673
27368
27360
27004
27492
27742
27631
26781
27392
26760
27414
27345
27080
27498
27002
27504
27092
27423
27604
27451
27426
27112
27483
27507
26953
27290
26934
27202
27272
26842
27615
27604
27645
26972
27331
27455
27023
27528
27457
26847
26885
26985
27262
26880
27090
28570
27476
27613
27225
27683
27203
27081
27177
27326
27687
27214
26806
27670
27838
26847
27488
27013
26958
27517
27183
27376
27595
27573
27595
27073
27802
27648
27281
27943
27048
27354
27523
27345
27392
27324
27374
27707
26957
27125
27453
26995
27224
27325
26893
26658
26853
27016
27471
27167
26897
27103
27362
27534
27111
27127
27523
27561
27718
27651
27166
27278
27486
26771
26835
27005
27297
26607
26913
26580
27890
27473
27506
27400
27571
27438
27641
27328
27517
27311
27417
27087
26740
27437
27601
27115
27451
27134
27757
27643
27635
27571
27328
27633
27116
26722
27414
27382
27361
27352
26966
27435
26885
27727
27343
27687
27508
27394
27577
27255
26904
27202
27277
27058
27335
26940
27296
27507
27662
26964
27257
27564
27676
27336
26954
26801
27298
26814
27401
27094
27185
26928
27022
27535
26611
27381
27407
27151
26880
27294
27400
26942
27628
27277
27298
27370
26923
27045
27272
26996
27395
27747
27387
27342
26883
27487
26804
27766
27104
27345
26991
27482
27045
27386
26953
27086
27354
27603
27152
27390
26930
27438
27723
27720
27893
27296
26834
27632
27381
27384
27280
27533
27472
27607
27465
26896
27362
27255
27552
26926
27355
27841
26922
26984
27258
27426
27708
27418
27145
27426
26938
27268
26922
27575
27144
26991
27287
26955
26862
27465
26674
27097
27168
27266
27440
26986
27600
26824
27656
27074
27237
27606
26900
27223
27313
27657
26940
27365
27618
27184
27168
26961
26908
27736
27528
27352
27470
27304
27057
27536
27268
27174
27311
26770
27778
27100
27478
26840
27258
27117
27378
27195
27535
27033
27907
26942
27410
26871
27362
27527
27027
27291
26940
27248
27680
27468
26867
27605
27901
27268
27677
27397
27225
27163
27003
27048
27010
26906
27746
27286
27553
27130
27672
28024
27427
27338
26997
26947
26942
27480
26752
27611
26927
27784
27498
27036
27020
27548
27067
27496
27060
27273
26835
27554
27443
27433
27370
27687
26998
27081
27322
28022
27452
27150
27008
27023
26806
26968
27754
26838
27300
26912
27008
27367
26953
27546
27355
27414
27028
27410
28238
26922
27348
26788
27347
27448
26926
27288
26813
27440
27415
27134
27425
27908
27306
27505
27538
27646
27033
27598
26845
27473
26902
27738
26984
27417
27441
27608
27196
27522
27116
27242
26993
27447
27558
27352
27808
27014
27614
27401
27524
27447
27427
26853
27390
27652
27431
27200
26858
27312
27395
26922
27262
26772
27270
27342
27423
27551
26957
27733
27371
27416
27115
27360
26823
27705
27833
27207
27352
27355
26934
27074
27036
26806
27665
26927
27126
27437
27474
26928
27510
27484
27092
26997
26958
26783
26998
27687
26674
26987
27040
27528
27296
27732
27064
27793
26957
27291
26915
27366
26472
27354
27664
27261
27480
26973
27312
27040
27268
27900
27374
27320
26822
27268
27391
26984
27460
27441
27390
27413
26918
27494
27845
27075
27114
26928
27153
27856
27446
27357
26822
26980
27250
27318
26808
27351
26708
27507
26787
27026
27470
27038
27614
26962
27045
27303
26904
26840
27382
26747
27164
26645
26674
27027
27267
27694
27332
27336
27431
27592
26846
27128
27036
27436
27540
27307
27363
26864
26857
27404
26496
27216
27520
26837
27106
27625
26970
27743
27383
26881
27108
27231
27634
27592
27194
27311
28067
27387
27016
27000
26982
27562
26945
27332
26891
27447
27036
27353
26884
27361
27374
27052
27650
27175
27551
26933
27575
27671
27712
27834
27113
26750
27314
27510
26640
27228
27346
27647
27414
27362
27080
27348
27420
27304
26946
27322
27547
27436
26856
27027
26705
26847
27634
26873
27775
27257
27517
27398
27052
27285
26870
26808
27017
27658
27307
27603
27313
27474
27237
27406
26828
27264
26971
27525
27278
26982
27417
27222
27321
26756
27263
27243
27795
27322
27174
27320
27040
27573
27485
27513
27487
27544
27510
27463
26862
26916
27270
27488
26922
27364
27788
27716
26966
26925
27300
27538
26961
27624
26958
27513
27546
27410
27516
27118
26833
26907
27150
26914
27441
27403
27403
27343
28013
26975
26946
27118
27614
26980
27601
27455
27107
27488
27344
27616
27018
27285
27273
27374
27944
27617
26831
27101
27388
26850
27400
27435
27828
27588
27048
27444
26824
27081
27743
26906
27612
27710
27666
27232
27330
26704
27400
26933
27483
26911
27402
27088
27708
27680
27288
27268
27087
27452
27372
27326
26880
27345
27604
27298
26808
27156
26920
27246
26797
26928
27035
27154
27083
27051
26886
27182
27684
27000
27503
26845
27256
27642
27386
27516
26971
26871
27270
27348
27353
27508
26732
26794
27391
26550
27246
26913
27204
27680
27474
27376
27457
27043
27370
27203
27205
27570
26833
27901
27557
26816
27288
26756
26868
27023
27582
27404
27260
27693
27372
27545
27314
27447
27137
26932
26992
26981
27447
26874
27031
27045
26895
26892
27304
27717
27163
27155
27651
27324
26868
27316
26843
26883
27496
27517
27158
27425
27025
27380
27767
27664
27123
27521
27746
27486
26744
26956
27370
26825
27431
27344
26866
27404
26902
27404
27458
27872
27462
26876
27371
27888
26898
27578
27387
26997
27370
26798
27710
27193
27504
27491
27597
27552
27375
26902
27225
27432
26734
27376
27213
26886
27114
27270
27328
27067
27757
27392
27610
27265
27080
27314
26874
27072
27604
27295
27300
26826
27150
26636
27097
27583
27223
27288
27370
27738
27674
27730
26952
27561
27818
26920
27301
26863
26993
27450
26847
27363
27984
27062
26786
27102
27315
27884
27342
26945
26841
26990
27357
27522
27484
27406
27538
27018
27216
27055
27190
26977
27215
27440
27366
27651
27353
27342
27048
27230
26903
27556
26844
27154
28371
27842
26806
27745
27007
27095
26964
27451
26855
27543
27350
26745
27242
27618
27164
27488
27012
27382
27256
27531
27132
27633
27214
26908
27473
27005
27282
27298
27147
27460
26911
27368
26910
27060
27420
26884
27487
26838
27857
27704
27900
26860
28073
27536
27343
26951
27416
26901
27218
27824
27077
27871
27136
27701
27418
27247
27408
26958
27398
26877
27193
27258
27413
27314
27473
26873
27308
26930
27754
27154
26886
26878
27870
26843
27448
26868
27362
26791
26986
27521
27231
27650
27376
27645
27884
27394
27506
27496
27538
27361
27183
26784
26880
27345
26910
27165
27623
26947
27558
26803
27260
27187
27408
27398
27656
26860
27018
27447
27677
27227
27533
27565
27315
27580
27343
27600
27154
27765
27355
27457
27284
27304
27586
27352
27274
27691
27470
27105
26692
27368
27810
27382
26891
27043
27458
26901
27024
27736
27380
26810
27253
27562
27203
27475
27028
27363
27144
27568
27156
27407
27048
27603
27771
26756
26930
27425
26625
26863
26757
27454
27387
27066
27236
27893
26912
26954
27707
27654
26774
26977
27138
26955
27357
27295
27304
27023
27601
27430
26925
27876
26996
27426
27658
27323
27194
27041
27318
27372
26891
27195
27544
27446
27147
27182
27583
27451
27480
27334
26856
27596
27811
27756
27364
26876
27034
26941
27165
26810
27381
27621
26748
26922
27023
27405
27494
27478
27282
27427
27312
27314
27780
27183
26840
27371
27684
27238
27021
27078
27415
27104
27308
27836
27376
27348
27575
26903
27535
26845
27024
26881
27660
27514
26915
27063
27351
27171
26908
27430
27783
27002
26887
26702
27465
26955
27352
27520
26908
27376
27642
27606
27566
27122
27335
27174
26925
27461
27027
27312
27273
27264
27513
27434
26703
27371
27052
27486
27246
27134
26970
27570
27786
27427
27033
27351
26666
27412
27567
27944
27283
27073
27398
27410
27422
27711
27446
27621
27625
26823
27363
26575
27313
26951
27222
27575
27333
26920
26874
27632
27691
27091
27683
26981
27041
27348
27585
27294
26631
27124
26772
27391
27115
27084
27467
27000
27877
27072
27462
27506
27610
26838
27470
27435
27184
26852
26968
27747
26660
27646
26713
27456
27794
27240
27385
27626
27806
28024
27116
27430
26983
27244
26796
27264
27828
27033
26911
27344
27645
27053
27517
27653
27513
27507
26887
26890
26865
28756
27311
27681
26842
26962
27284
27490
27108
27672
27860
27435
27778
27338
26793
27038
27094
27264
27290
27217
27383
27242
27203
27417
27592
27088
27610
26990
27442
27421
27060
26796
27327
26730
27334
26907
26944
27614
27788
27152
27546
27042
27471
27787
27358
27946
27718
27471
26988
27280
26996
27415
26862
26807
27694
27111
27544
27985
27344
26934
27683
27337
27508
27290
27472
27346
27691
27127
27428
27745
27377
27672
26993
27202
27941
27133
27251
27055
28104
27251
27615
26897
27300
27538
27112
27362
27143
27456
27510
27657
27472
26985
27702
27650
26913
26776
27072
28022
27282
27604
27402
27393
27555
27196
27522
27422
27401
27602
28101
27856
27442
26677
26976
27056
26753
27363
27482
26744
26581
27114
26955
27060
27451
27408
26834
27581
26824
26920
27947
27684
27344
27735
27433
27668
27091
27087
27291
27468
27867
27478
27642
27154
27414
26865
26992
27320
27021
27527
26768
27387
26876
27040
27544
27077
27203
27831
27514
27451
27251
27297
27410
27396
27052
27474
27076
27423
27484
27684
27064
27586
27430
26838
26888
27408
26887
27261
27030
26864
27448
27087
27385
27152
27423
27270
27286
26893
28241
27207
26890
27083
27395
26833
27353
26682
27904
27477
26905
27405
26881
27548
26986
27496
26966
27153
26873
27213
27556
27186
27003
27464
27273
26915
27146
27471
26827
27366
27545
27076
27153
27138
26650
26793
27063
27124
27290
26611
26971
27505
27224
27554
27546
27724
27585
27464
26966
27586
27270
27771
27726
27327
26940
27262
27720
27120
27356
27442
27446
26963
27567
27082
27128
27104
27291
27305
27458
27452
27551
26806
27542
27565
27487
27036
26701
27415
27665
27721
27071
27262
27141
27440
27767
27566
27291
27444
26945
27614
27053
27283
26602
27126
26932
27122
27607
26912
27545
26864
27323
26893
27335
26916
27348
27531
27424
27416
27440
27098
27341
27412
27140
26897
27005
27495
26842
27402
26875
27221
27460
27010
26981
27102
27447
27172
27375
26997
27788
27176
27183
27390
27542
26841
27481
27582
27440
26918
27014
27473
26851
27158
27407
27411
27094
27270
26824
27405
27332
26770
27394
27586
27714
27182
26860
27438
26895
27293
27531
27081
27536
27780
27541
26702
27522
27641
26854
27304
26940
27574
27364
27294
27504
26893
27442
27855
27366
26924
27745
27726
26892
26994
26863
27651
26880
27122
27418
27315
26948
27600
27227
27506
27294
27326
27915
27503
27521
27295
27430
26806
27271
27638
27205
27566
27228
27677
27500
27790
27098
27494
26952
27436
26915
27392
27362
27552
26905
27418
26647
27684
26730
27341
27451
27202
27381
27536
27645
26873
27515
27261
27388
26723
27290
27368
27537
27253
26982
27861
27443
27758
27054
27525
26962
27491
26964
27053
27434
27336
27256
27001
27340
27373
27370
27596
26974
27330
27070
27008
26890
27014
27578
27337
27652
26811
26902
26965
26867
27431
26958
27205
27388
27441
27695
27274
26797
27014
27183
26897
27292
27382
26938
27361
26997
27442
27464
27988
27436
27002
27160
27565
27062
27000
27643
27540
27310
26878
27716
27271
27327
27653
27324
27861
27173
26968
26902
27504
27012
27446
26921
27315
27534
27502
27335
27384
26634
26991
26994
27383
27033
27376
27572
27308
26880
27028
27468
26772
27403
27140
27263
27016
27080
27490
26865
26870
27123
27808
26956
27683
27537
27568
27515
26671
27372
26714
26986
27708
26886
27345
26978
27373
27496
26965
27532
27112
26891
26924
27874
27442
27413
26923
27531
27274
27382
27916
27321
27196
27438
27564
27081
27391
27138
27448
27925
27746
27638
27425
26793
27202
27620
27435
27656
27373
27111
27191
27495
27387
26907
27344
27193
27032
27271
26821
27274
26926
27695
27525
26657
26686
27474
27975
27045
27482
27283
26863
27240
26710
27193
26680
27280
27578
26935
27340
27335
27845
27410
27594
27465
27453
27785
26857
27265
26886
27161
27321
27453
27284
27365
27787
27334
27814
27255
27556
27014
27564
27551
27546
27595
27470
27012
27478
26912
27573
27470
27621
27064
27457
27087
27373
27685
26988
26993
26917
27282
26844
27487
26851
26865
27818
27332
27058
26615
27925
27454
27485
27118
26994
27625
26860
27390
27371
27042
26796
26840
27183
26901
26922
27566
27067
27262
27677
26975
27034
27730
27330
27601
27510
27083
27328
27501
27428
27422
27987
27181
27541
27290
27610
27128
27522
26814
27121
27663
26803
27092
27497
27296
27151
27801
27260
27096
27437
26921
27431
27443
26975
26958
26932
27355
27006
27328
26931
27133
27375
26862
26772
26958
27526
27357
27426
26995
27157
26972
26813
27618
26746
27030
26841
26840
27344
27013
27310
27738
26841
27361
27257
26932
26941
27060
26985
27424
26842
26947
27300
26843
27213
27574
27066
26595
27997
26893
27416
27410
27205
26987
27686
27365
27357
26981
27865
26776
27382
27545
27498
27706
26972
27032
27088
27560
27042
26812
27327
27444
27054
27157
27576
27456
27494
26587
26998
27310
27395
27020
27940
27443
26976
26850
27593
27265
27612
26933
26977
27801
28065
26911
27423
27244
27026
27412
27397
27602
26938
27975
27248
27223
27482
27413
27328
27303
27403
26663
27676
27352
27220
27317
26964
26916
27364
27074
27605
27311
27491
26943
26781
27515
27411
27292
26907
26890
27413
27418
27466
26946
27334
27042
27102
27388
26975
27107
27204
27426
26975
27333
26942
27366
27536
27088
27256
27546
26962
27762
26712
27160
27492
27244
27220
26826
27386
27620
27390
27597
27370
27401
27398
27200
27283
27715
26844
27531
27104
27425
27216
27630
27006
27686
27028
26901
27450
26931
27126
27871
27380
27003
27157
26996
27414
27022
26900
27701
27653
27191
27080
27075
27543
27647
27285
27664
27122
26784
27117
27494
26855
27332
27386
27375
26937
27034
27415
27044
27400
27146
27597
27272
26997
27857
26894
26806
27424
27208
26877
26828
27318
26536
27148
27413
27241
27707
27084
27422
27723
26766
26907
26787
27233
27762
27264
27492
26946
27475
27041
27378
27564
27043
27308
27073
27613
26672
27310
26846
27417
26946
27278
27494
27602
26850
27406
27703
27487
27012
27507
27825
27286
27764
26901
27268
26827
27415
26920
27537
27982
27438
27558
26948
27534
27598
27452
27315
27661
27534
27790
27091
26770
26904
27302
26764
27316
26643
27240
27552
27116
27420
27715
27552
26854
27435
27320
27631
27237
27438
26841
27414
27118
27537
27493
27153
27614
26797
28054
26945
27147
27796
27133
27068
27438
27154
27357
27471
27577
26728
27396
26955
27472
26983
27641
27487
26912
27455
26857
27375
27411
27302
26744
27324
27012
26987
27391
27335
27154
27726
26847
27437
27770
27454
27542
26863
27040
26805
27206
26880
27142
27560
27048
26588
27254
27776
27342
27452
28133
26891
27360
27687
27002
27636
27007
27343
27611
26758
27441
27112
27086
27050
27384
27336
27212
26902
27195
27677
27867
27247
26853
27554
27390
26758
27444
27575
27448
27775
27125
27510
26991
26701
27545
27186
27446
27331
26844
27593
27544
27515
27626
27378
27795
27482
26962
27414
27511
27424
26884
27345
26576
27390
26684
26882
27494
26741
27362
26956
27656
27585
27377
27476
27368
27693
27355
27040
27262
26945
27498
26823
27192
27301
26842
27336
27494
27288
27013
26986
27631
27478
27706
26905
27391
27005
27126
27297
26952
27233
27320
26893
26965
27091
27046
27857
28053
26923
26862
27300
27555
27466
27463
27947
26890
27962
26754
27395
27201
27703
27136
27713
26943
27507
27000
27415
27148
27517
26712
27840
27491
26600
27008
26966
27256
27458
27404
27620
27504
27777
27295
27686
27641
27570
26936
27456
27313
27050
27020
27373
26901
27322
26990
27098
27666
27546
27466
27004
27686
27364
27106
27200
27650
27746
27386
26661
27030
26907
26904
27436
27194
27731
26910
27297
27341
27308
27854
27503
26800
27083
27398
27563
27346
27388
27806
27361
27124
27625
27435
26957
26636
27581
27867
27491
27053
27603
27206
28022
27311
27538
27273
26882
27373
27950
27358
26857
27268
26893
27255
26790
27866
27234
26944
27448
27383
27044
26867
27451
27618
26775
27302
27102
26772
27387
26700
27448
27326
26868
27001
27144
27201
27123
27203
27397
26835
27691
26883
27336
27154
27390
27180
27415
27486
27207
27362
27456
26911
27434
27063
27151
27428
27445
27400
27020
27307
27545
27488
27523
27531
27308
27376
26966
27094
27461
27061
26892
27394
26961
27503
26818
27422
27240
27281
27440
27500
27304
27750
26967
27425
27377
27487
27176
27410
26921
27430
26944
27556
27224
27053
27327
27418
26831
27854
26928
27161
26920
27475
27414
27276
27811
26843
27562
27251
27433
27386
27348
27016
27521
27487
27774
27755
27300
27143
27445
26954
27394
27253
27304
27336
26855
27283
26837
27216
27061
27220
27454
27112
27510
27578
27081
27903
26944
27480
27378
27502
26896
27262
27291
27033
27453
27604
27317
26586
27847
27784
27410
27510
26861
27345
27381
26733
27624
27213
27584
26780
26980
27680
26905
27201
27392
27014
27168
26907
26760
27503
26916
27281
27361
26893
27325
27604
27434
27383
27451
26957
27477
27170
27752
27021
27003
27341
26971
27283
26845
55936
27082
27287
26920
27143
27447
26751
27310
27343
27757
27188
27524
27066
27214
27307
27434
26992
27217
27628
27141
26981
27162
27328
26958
27486
27144
27498
27702
27318
26990
28032
26912
26628
27002
27586
27302
27542
26950
26776
27381
27662
27146
27522
27077
27663
27434
27445
27764
27407
27025
27097
26997
27864
27593
26702
27450
27588
27006
27525
26805
27420
27398
27180
27834
27027
27084
26971
27296
26760
27463
26868
27668
27450
27703
27073
27244
26768
27558
26925
27222
26787
26965
27616
27241
27520
26985
27042
27132
27635
27707
27445
26632
27464
27294
26865
27485
26645
27021
27386
27448
27115
27147
27304
27621
27114
27436
26904
26730
27004
27275
26954
27052
26774
27033
27255
27868
27454
27458
26854
27408
27584
27384
27912
26883
27391
26968
26826
27758
26898
27073
27340
27503
27915
27546
27436
26984
27467
27113
27223
26885
27083
27355
27056
27356
26807
27258
27422
26927
27620
27474
27533
27058
27621
27584
27120
26862
26935
26811
26888
27322
27798
27303
27448
27101
27642
27846
27373
27624
27016
27540
26832
26901
27302
27501
27573
27608
26785
27692
27320
27424
28036
27084
26715
27532
27451
27145
27490
27271
27383
26940
27445
28030
26813
26985
27266
27474
27087
27460
27277
27931
27447
27773
27405
27675
27287
27347
27414
27342
26825
27406
27537
26875
27562
27098
27602
26972
27500
27377
27057
27376
27372
26880
26735
27841
27775
27426
27338
27795
27018
27674
27382
27421
27032
27277
27527
27447
27206
27385
27642
27266
27297
26961
26895
27488
26958
27368
26975
27073
27367
27027
27578
26927
27390
26863
26876
26857
27176
27087
27378
27432
27357
26993
26738
26920
27112
27643
26807
26938
27431
27110
27542
27346
27271
27303
27604
27657
26978
27450
27504
27234
26680
26976
27614
27307
26971
26608
27644
27151
27777
27940
27310
27213
27416
27054
27402
27398
27048
27558
26935
27462
27084
27413
26898
27511
26803
27772
27247
27364
27812
27571
27255
27713
27613
26986
27757
27084
27237
26768
27140
27075
27255
27754
26990
26871
27533
26736
27647
27208
27625
27173
27366
26924
26971
26963
27800
26972
26804
27090
26845
27341
26991
27412
27496
27092
27100
27666
27814
27252
27535
26943
27066
28455
27521
27772
27095
27493
27328
26655
26713
27532
27246
27820
27076
27298
27660
27294
26955
27687
27255
27578
27702
27607
26950
27443
26760
27848
27943
27618
27063
26945
27345
28983
27408
28058
27345
27592
26958
27360
27520
27023
27405
27082
27381
27544
27081
27545
27016
27461
26980
27152
27497
27322
27064
27013
26922
27002
27615
27216
27026
27313
27083
27420
27292
26916
26841
27753
27373
26957
26997
27545
27301
27151
26793
27503
27697
27586
27815
27417
27367
27406
27296
27586
26760
27214
27221
27432
27455
27413
27945
27063
27397
27761
27967
26897
27401
27336
27251
27698
26963
27572
27230
27471
27846
26932
27542
27721
27431
27677
27245
27587
27140
27277
27591
27163
26604
27065
27383
27156
28005
27961
26730
27202
26976
27645
26837
27273
26857
27033
27420
28030
27273
27798
27184
27533
27824
27598
27015
27642
27392
27687
27673
27313
27655
27660
27152
27845
27510
27516
26725
26632
27643
27386
27587
27037
26935
27272
27258
27573
27420
27002
26826
27081
27357
27524
26793
27092
27523
27548
27857
27600
27343
27623
27245
26774
27011
27405
26922
27380
26898
27143
27032
27448
27613
27205
27517
27186
27041
27090
26958
27266
27367
27308
27045
27002
26697
27907
26990
27806
27013
27590
27298
27415
27098
27337
26997
27241
27570
26848
27248
27477
26941
27516
26985
27580
27574
27204
26636
26901
27601
26921
27288
26965
27657
27596
27160
27072
27332
26957
27574
27273
27477
27376
27612
27045
27152
27452
27177
27350
27650
27307
27010
27140
27322
27067
26886
27188
27614
27050
27071
26962
26853
27387
26896
27316
27255
27312
27583
27035
27275
27663
27237
27552
26891
27445
27467
27773
27311
27747
26932
27381
27201
27483
27280
27416
27191
27898
26775
27620
27584
27292
26794
27593
27471
26947
27343
27367
27523
26800
27077
27297
27263
27427
26676
27390
27491
27020
26681
27695
27526
27486
27082
27202
27015
27521
27533
27353
26894
27447
26926
27196
27648
27186
26952
27567
27075
27552
27231
27331
27868
27333
27643
27195
26956
27517
27031
27854
27068
26946
26820
27797
27424
27748
27157
27082
27450
27673
27354
27470
26876
27468
27251
27516
27024
26987
26636
27122
27485
27100
26785
27461
27454
27037
27106
27534
27025
26910
27516
27368
27155
27128
27501
27618
27566
27190
27567
27412
26927
26976
27502
27406
26742
27415
26815
27076
27457
27310
27306
27384
27020
27252
27603
27316
27081
27055
27623
27843
27298
27004
27294
27506
27682
26986
27276
27490
27312
27377
27513
27594
27156
27722
27491
27161
27056
27544
27785
27601
26872
27427
27154
26958
27602
27586
27582
27482
27648
26897
27497
26895
27707
27727
27274
27505
27552
27828
27431
27145
26974
27486
26873
27571
27004
27337
27078
27460
27261
27196
26841
27478
27606
26965
27275
27501
27073
27606
27592
27310
27362
27313
27330
27107
27245
27893
27327
27491
27811
27058
27014
27411
27151
27483
26746
27082
27663
27252
27266
27061
26990
27574
27366
27168
27178
27356
27420
27405
26790
27155
27088
26798
27506
27236
27330
27427
27020
27000
27873
27156
27643
27045
27413
27045
27410
27790
27025
27427
27257
27464
27042
27487
27208
27575
27732
27431
27521
27583
27320
27841
27778
27618
27000
27118
26927
27352
27353
27745
27276
26942
27372
27596
27096
27633
27093
27507
27786
27072
27502
27681
27142
26992
27315
27444
27065
27403
27694
27500
27485
27203
26693
27142
27610
27390
27571
26940
27368
26808
27632
27397
26785
27927
27422
27098
27514
27754
27322
27757
28162
27871
27408
27566
26896
27597
26794
27438
26964
27485
27340
27313
27167
27386
26918
27370
27058
27428
27577
27314
27488
26986
26850
26900
27318
27530
26943
27464
27518
27691
27342
27813
27597
26971
27620
26665
27367
26686
26868
27666
27987
27447
26956
27332
27420
27301
26794
27075
27293
27093
26642
27791
27570
27020
27522
27365
26558
27001
27663
27086
27502
26840
27287
27563
27181
27036
27680
27498
26824
27308
27030
27297
26837
27252
26857
27497
27817
27538
27420
27450
27593
27520
26912
27257
26856
26853
27515
27578
27353
26643
27377
27966
27852
27778
27317
27463
26836
26960
27493
26835
27385
27327
26816
27120
26955
27315
26924
27516
27247
27493
27550
27682
27240
27055
27635
27164
27295
27702
27785
27082
26803
27458
27897
27222
27370
27790
27441
26967
27081
27647
27026
27527
27303
27557
27304
27465
27315
27197
27282
27028
27047
27710
27356
27420
27161
27366
26778
27312
27432
26840
27437
27335
27376
27006
27536
26998
27497
27503
26648
27180
27388
27571
27416
26833
26910
27566
26932
27586
27393
27578
27263
27644
26894
27007
27576
27412
27528
27610
27596
27086
27008
27454
26965
27475
26832
27695
27481
27070
27558
27820
27315
27662
27806
27601
27067
26868
27074
27534
27331
27525
26676
27051
27663
27070
27482
27646
26931
27630
27093
27455
27655
26918
27690
26838
27306
27096
27450
28200
27333
27148
27238
27006
27367
27860
27797
26920
27480
27796
26965
27441
27187
27442
27226
27548
26706
27228
26972
27472
26778
27523
27635
27416
27432
27028
26957
26835
27211
27330
27840
27194
27833
27285
27348
27591
26713
26981
27168
27583
27553
26813
27312
26827
27867
27375
27130
27024
26582
27542
27212
27386
27605
27353
27276
27176
27585
27254
26911
26926
27100
27663
27424
27645
27157
27860
27115
27474
27115
27965
27907
27313
27511
26940
26903
26788
27294
27522
27236
27487
26840
27114
27058
27040
26877
27396
27918
27133
28014
26806
27393
27275
26955
27180
26851
27424
27291
27096
27473
26927
26827
27643
27055
27580
26886
27573
27365
27378
26945
27467
27327
27255
27367
27668
27324
27733
27303
27766
27002
27396
27651
26972
27392
27768
26850
27655
26642
27918
26778
27591
27932
27392
26730
27000
27370
27781
27400
26921
27064
26870
27088
27021
26944
27400
26834
27137
27498
27524
27057
27130
27433
27375
27217
27288
26944
27355
26933
27511
27711
27260
27333
27490
27201
27713
27312
27504
27080
26958
27497
27692
26971
27803
27365
27138
27297
27446
26870
27656
26974
27668
27420
27502
27094
27537
27551
26957
27350
27230
27458
27764
27714
27250
27375
27680
27153
27417
27415
27073
27818
27014
27521
27668
27437
26882
27344
27084
26728
27595
26680
27254
27606
27525
26956
27134
26915
27256
26748
27630
27246
27295
27412
26998
27677
27157
27676
26991
27452
27473
27290
27662
28022
27095
27325
26866
27041
27524
27210
26948
26743
27795
26853
27682
27448
27730
26871
27492
27096
27418
26987
27315
27307
26803
27195
27087
26880
27008
27484
27151
28243
27420
26985
26938
27966
27015
27467
27560
27121
26862
26902
27673
26632
27142
26647
27127
26976
27443
27620
27326
27651
27472
27723
27166
26912
27307
27531
27394
26862
27157
26858
27518
27131
26645
27367
27103
27697
27492
27228
26883
27980
27334
27370
27630
26964
26968
27188
27387
26968
27524
27296
27428
27517
26990
27672
27218
27464
27062
27477
27663
27667
27504
27354
27698
27446
27478
26677
27182
27432
27354
27424
27041
26972
27295
27024
27495
26625
27295
27081
27462
27637
27372
26666
26960
28753
27532
27058
27265
26875
27331
27627
27446
27375
26976
27288
26996
27210
27476
27478
27060
27021
27501
27073
27418
27036
26985
27828
27715
26897
26976
27335
28106
27711
27237
26904
27368
27238
27043
27527
27140
27302
26866
27763
26958
27382
27015
27297
27043
27838
27346
26691
27700
27656
27524
27242
27332
26988
27374
27003
27485
26947
27425
26906
27464
27614
27132
27656
27145
27256
27596
26940
27522
27050
27482
27338
27532
27658
27223
26707
27203
27770
27187
27412
27227
27747
27083
27518
26956
26956
27235
27440
27422
26962
26953
27576
27757
27483
27625
27385
27431
27222
27988
27075
27545
27654
27398
27670
27574
26682
27860
27386
27438
28121
27374
27681
27395
27757
27167
26907
27068
27427
26876
26901
27796
26961
27070
27010
26962
27373
26933
27452
27337
27386
27524
27075
26904
27404
27532
27327
27454
27733
27061
27730
27001
27821
27842
26721
27386
27476
27101
27221
26864
26953
27222
26962
27314
26932
27002
26995
26988
27470
26696
27210
27771
27043
27436
27052
26955
26882
27414
27047
27000
26748
27553
27054
27704
27638
27160
26765
27184
27102
27281
27083
27308
27551
26853
26988
27045
26815
26981
27333
27824
27725
27565
26714
27051
27532
27711
27446
26954
26953
27405
27794
27352
26748
27460
27264
27192
27468
27380
27598
27347
27664
27025
27346
27340
26931
27344
27421
27256
27501
27192
27212
27522
27223
27413
27268
27008
27828
27757
27504
27450
26951
27435
27025
27124
27455
27521
26884
27514
27424
27461
26921
27104
28042
27306
28120
26956
27322
26824
27497
27392
27308
27716
27391
27521
27050
27617
29394
27622
27711
26994
27010
26775
27578
26812
26921
27394
27285
27475
27103
27273
27175
27475
27557
27061
27504
27694
27612
27440
27603
27404
26848
27264
27406
27630
27508
26917
27371
27551
26800
27647
26964
27472
27401
27322
27066
27475
26875
27202
26968
27598
26685
27460
27120
27485
27633
27056
27016
27646
26732
27267
27097
26860
26905
27570
27328
27632
27324
27542
27502
27318
26681
27570
27343
27093
27522
26691
27294
27537
27131
27417
26743
27261
27536
27668
27818
27447
26804
27000
27406
27832
26998
27563
26907
27291
26968
27131
27787
27375
27516
27046
27292
27808
26912
27424
27156
27333
27783
26930
26972
27276
27375
27001
26844
27083
27077
27515
26954
27550
27265
27368
27443
27407
27377
26936
27225
27035
27270
27166
27384
27125
27270
26940
27132
26975
27735
27366
27385
27736
27120
27797
26988
27575
26932
27458
27596
27074
26885
27345
27157
27156
26930
27060
26628
27425
27658
27570
27496
26998
27586
27834
27285
27095
27157
27456
26998
27356
26935
27392
27581
27610
26937
26864
27681
27223
26877
27698
27773
27452
27745
27040
27487
27275
26738
27043
27143
27332
27268
27328
26915
26845
27342
27753
26873
27251
26844
27526
26961
27024
27538
27592
27137
27526
26910
27435
26822
27363
27445
27098
26663
27721
26696
27178
27460
27716
27462
27005
27175
27373
27774
26880
27270
27075
27492
27453
27381
27501
27277
27236
27076
27523
27418
27157
27122
27154
27160
27365
27746
27137
26944
27204
26985
27520
27622
27537
27598
27665
27440
27010
27060
27004
27380
27483
27101
26737
26946
26971
26874
27561
26885
26994
27491
26896
27033
27462
27925
27633
26857
27585
27501
27292
27368
27043
27307
28055
27300
27658
27481
28247
27330
26981
27558
27527
27422
26846
27351
27687
27425
27717
26884
27544
26855
27953
27750
27466
26936
27496
27970
27394
27648
27227
27445
27560
26987
27704
26836
27186
27276
27048
27718
26932
27473
27055
27378
26936
27883
26804
26960
26851
26926
27498
26823
27381
27377
26972
26982
27273
27454
27515
27102
27643
26998
27432
27115
27313
27240
27236
27304
27076
27348
27202
27450
26777
27330
27440
27546
27775
27544
26904
27418
26827
27343
27650
27211
27612
26815
27465
27474
27535
27556
27218
27381
27343
27687
26855
26852
27470
26942
27546
27224
27518
27376
27190
27435
27146
27538
27634
27292
27657
27204
27772
27345
26900
26901
27810
26941
27393
27350
27120
27187
27365
27204
27547
27306
27377
26958
27333
26945
27488
27463
27025
27196
27136
27406
26976
27411
26736
27463
27382
27131
27151
27466
26951
27223
26873
27517
27556
26914
27528
26874
27435
26975
26983
26741
27358
27671
27123
27596
26976
27320
27240
27538
27430
27037
27454
27470
28020
27724
27797
27468
27635
27531
27003
27105
26933
27398
27326
26985
27453
26776
27656
26878
27606
27112
26740
27301
27490
27067
27055
27902
26871
27631
27300
27550
26978
26947
27248
27254
27572
27413
26790
26686
27152
27413
27801
27240
27092
27316
26847
27358
27376
27326
27237
26687
27278
27314
27885
26707
27418
27946
27204
27754
26934
27121
27065
27518
27342
26847
27331
27864
27062
27495
27864
27446
27473
27793
28141
27342
26805
27025
27051
27290
27666
27433
27552
27374
27384
28056
27453
27345
27543
26985
27050
27483
27072
27497
27458
27506
27524
26800
27423
27345
26923
27448
27421
26774
27408
27743
27051
27273
27431
27268
26864
27654
27695
26950
27398
27481
27225
27035
27306
26787
26938
27722
26890
27574
27394
26910
27456
26923
27267
27081
27451
26958
26921
27195
27030
27481
26810
27387
27605
27064
27827
26934
27421
26720
27631
27431
27221
27315
27537
27260
27712
27135
27426
27923
27386
27996
27488
27085
26772
28300
27422
26748
27582
27643
27075
27906
27440
26705
27217
28051
27026
27762
27012
27238
27065
26887
27731
26861
27145
26935
27356
26944
27291
27300
27634
27034
27184
27446
26967
27051
27321
26938
27342
26673
27492
26692
27305
27545
27512
27560
27763
27037
27485
27303
26793
27015
26788
27313
27320
27324
27153
27360
27746
27276
27743
27324
27541
27393
27837
27734
27425
26981
26858
27270
27444
26902
26962
27350
27262
26765
27561
26760
27201
27487
27167
27442
26942
28140
27577
27401
27955
27121
27480
27511
27003
27082
27394
26973
27010
27863
27417
27260
27334
27152
27454
28054
27411
27821
27067
26975
27795
28253
27904
27711
27136
27284
26987
27143
27965
27181
27398
27154
26962
27488
27140
26694
27837
27431
27810
27363
27343
26958
27073
27631
27096
27550
27363
26836
27153
27030
27761
27521
27743
26987
27430
26767
27416
27364
27133
27456
27520
27300
26744
27410
27511
26794
27535
26885
27582
27053
27532
27741
27387
26915
26950
27468
27364
27668
27076
26944
27477
27014
27176
27405
27223
27674
26775
27365
27034
27357
26973
27381
26798
26884
27430
27516
27033
28004
27611
27315
27558
26957
27471
26737
27528
27078
27526
27056
27273
27013
27223
26978
27036
27428
27072
27404
27236
26750
27083
26748
28024
27486
27010
27193
26990
27228
26738
27363
27748
27260
27145
27616
27531
27451
26983
26776
27257
27495
27531
27265
27404
27006
27652
27575
27057
26730
27043
26955
27217
27684
27176
27627
27910
27648
27381
27860
27257
27636
27485
27088
27611
26816
27186
27508
26995
27753
27742
26701
27877
27037
27557
27012
26855
27355
26688
26682
27427
26808
27488
27398
27625
27305
27486
26824
27385
26984
27411
27021
27310
27836
27156
27274
27615
27390
27354
27313
27538
27232
27015
27442
27393
27505
26856
27366
27031
27241
26805
26961
27787
26975
27514
26776
27228
27093
27231
27484
27126
27968
27456
27418
27305
27426
27158
27095
27478
26815
27018
26797
27017
27555
27101
27546
27760
27297
27291
27017
27393
27087
26768
26816
27495
26634
27758
26922
27001
27088
27368
26980
27167
26972
27186
27201
27354
27694
27087
27422
27205
27353
27047
27267
26967
27434
27747
26986
27215
27214
27596
26631
27386
27574
27435
27532
27073
27297
27647
27517
27103
27464
27858
26744
27181
27115
27056
27261
27797
27694
26956
27465
27901
26938
27348
26952
27383
27483
27202
26751
27474
27614
27140
27147
27437
27704
27396
27974
27800
26837
26792
26675
27167
27077
27237
26866
27261
27822
27587
27404
27623
27453
26952
27337
27126
27325
27524
27050
27690
27343
27751
26607
27626
27266
27545
27637
27290
27001
27294
26884
27144
27001
27195
27521
27680
27381
27446
27425
27076
27365
27647
27556
27395
27530
27686
27402
27651
27313
27683
27413
27504
27581
27595
26742
27745
27478
27132
27825
27348
27015
27302
27544
27387
27343
27795
27347
27558
27620
27246
26763
27361
27370
27433
27375
26851
27048
27440
26935
27823
26885
26965
27142
27490
27075
27074
27455
27770
27385
27335
26967
27513
27151
26917
26822
27470
27412
27106
26713
27105
27378
26876
27545
27048
27382
27627
26986
27430
27574
26892
27290
27080
27584
27557
27504
27635
27553
27662
27150
27178
27795
27521
27092
27272
27625
27353
27748
27608
27340
27431
27158
27524
27591
27134
26665
27011
27672
27112
27630
27664
27483
27542
27018
27557
27345
26987
27795
27758
26975
27066
27395
27785
27190
27275
27337
27533
27276
26987
26962
27165
26654
27244
27526
27466
27490
27017
26747
27401
27431
27647
27133
27130
27541
27204
27000
27068
27280
27571
27310
28027
26942
27505
27248
26968
27536
27347
27501
27355
27087
27044
27294
27373
26857
27502
26637
27225
27644
27027
26901
26744
27717
27790
27293
27544
27342
26938
27008
26913
27213
27576
26870
27343
27482
27072
27331
27440
27041
27478
27716
27504
26958
26814
27820
27038
27462
27712
27513
27371
27701
27908
27497
26837
28014
27494
27638
27038
27544
26811
27096
27794
27330
27346
27004
27431
27313
27388
27541
27143
27236
28091
26830
27280
26865
26877
27150
27512
26902
27260
26881
26966
27533
27545
27275
27847
27095
26943
27290
27537
27031
27276
27008
27535
27612
26987
26697
27004
27066
27653
27366
27370
27245
28050
27416
27475
27337
27308
27534
27721
27687
27591
27511
27615
27087
26895
27246
27177
26901
27168
26847
27038
27460
26870
27287
26956
27425
27564
27198
27658
27304
27454
27225
27425
27087
27370
27411
27390
27888
26731
27380
27540
27732
27586
27530
27407
26968
27451
28187
27553
27283
27017
27070
27384
27410
28122
27341
27563
26881
27586
27432
27208
27425
27695
27420
27861
27331
27643
27026
27134
27835
27376
27431
27048
27663
27240
26742
26925
27438
27085
27405
27850
27046
27297
27117
26961
27513
27786
27400
27720
27460
27315
26793
27485
27118
27415
26936
27280
27095
26948
26906
26957
26644
27277
27031
27560
27552
27367
26772
27224
27370
27127
27613
28065
27546
26981
27452
27422
27382
27595
27002
27462
27222
27431
27343
26918
27518
26901
27405
27840
27192
27613
27220
27262
27102
27351
27531
26926
27383
27413
26771
27958
27461
27316
27495
27496
27220
27387
27663
26845
27584
27540
27966
27966
27437
27064
27823
27616
27014
27171
27324
27276
27313
27517
27684
27352
27012
27316
26915
27422
26877
27456
27640
26973
27908
26986
27490
27620
27123
26958
27108
27080
27283
26882
27306
28072
27310
27028
27023
27123
27432
27534
27291
27480
27100
27388
27015
27130
26903
27130
27463
27827
27195
27441
27638
27020
27374
27816
26863
27441
27244
27150
27456
27107
27572
28007
27415
27347
27921
27788
27278
27406
27145
27045
27231
27564
28017
27163
26882
27893
27327
26808
27451
27362
27313
27147
27565
27480
27534
27145
27506
27132
27378
27675
27371
27050
27380
26762
27402
27133
26910
27061
26857
27815
27507
26980
27536
27231
27162
27737
27733
27377
27644
27326
27734
27094
27525
27184
27522
26968
31262
27111
27004
27406
27606
27408
28052
27258
27408
27087
27447
27146
26763
27358
27480
27413
26954
27667
27376
27592
27287
27396
26808
26858
27456
26914
27182
27561
26695
27438
26866
27181
27705
27052
26736
27751
27455
27111
27311
26906
27142
26826
27304
27800
27784
27322
26703
26976
27448
27908
27257
27438
26960
27466
27008
27266
27041
27180
26957
27404
27501
27458
27584
27000
27477
27370
27232
27510
27068
27267
27736
27087
27511
27715
27595
26873
27286
27903
26912
27574
27764
27026
27035
27844
27281
28214
27683
27320
27076
27850
27545
27638
27034
27435
26956
27128
27035
27551
27402
27445
27263
26991
27552
27364
27586
26972
27158
27396
27621
27533
26965
27822
27434
27088
27443
27412
27114
27587
27064
26913
27647
27760
27528
27273
27161
27565
27058
27155
27124
27482
27348
27454
26987
27186
26981
27260
26863
27322
27186
27083
26943
27418
26894
26995
27480
27574
26795
26975
28182
27197
27840
26988
27078
26656
27073
27611
26784
27423
27017
27223
27595
27331
27550
27040
27553
27422
26877
27034
27477
26903
27226
27554
27475
27113
27417
27283
27594
27432
27104
27757
27054
27653
27818
27792
27447
27430
27636
27364
27936
27493
27364
27858
27696
26888
27084
27255
27084
27134
27536
27432
27385
27021
27423
27612
27213
27385
26808
27686
27281
27582
27068
27576
27085
27030
27177
27542
26938
27321
26861
27353
26887
27460
26907
27124
27427
27704
27298
27731
27740
26934
27486
27543
27316
26834
27634
27457
27522
27038
27311
27646
27461
27702
26796
27792
27047
27512
27743
27074
27403
26862
26896
27187
26831
27144
27657
27714
27127
27580
26922
27343
28128
26937
27344
27346
27580
26803
27584
27813
27241
27316
26940
27404
27376
27486
26736
27448
27462
27116
27031
27457
27208
27440
26876
27674
26786
27483
26660
26945
27321
27082
27411
27320
27167
27785
27381
27672
27176
26758
27453
27033
26827
27485
27415
27705
27571
27770
27147
27408
27104
27637
27604
26924
27227
27284
26884
27451
27436
27192
27350
27470
27192
27036
26803
26954
26948
27277
27986
27395
27571
27284
27377
27913
27270
27503
27461
27697
27444
27603
26892
27140
27423
27595
27402
26855
27355
27682
26991
27581
26685
27101
26851
27053
27494
27428
26750
27237
27286
27398
27561
26843
27105
27588
27692
27100
27751
27204
27357
27001
27125
27920
27390
27661
27125
27426
27735
27566
27248
27461
27081
27411
27471
27164
26968
27491
27695
27522
27264
26861
28922
27385
27851
26947
27064
27018
27131
27573
27427
27628
27298
27891
27011
27436
27085
27056
27752
27717
27173
26908
27191
26805
27374
27651
26891
27396
27693
26975
27011
27862
26682
26997
27654
27034
27506
27532
27038
27264
26901
27103
27602
27043
26738
27470
27483
27520
26751
27340
27036
27557
27084
27512
27395
27276
27558
27097
26607
27473
27202
27647
26842
27416
27255
27522
27504
27341
27572
26857
27386
27496
27063
27481
27468
27706
27353
27883
27301
26663
27670
27635
27518
26914
27355
26798
27026
26867
26963
27813
26896
27186
26931
27253
27636
26936
26734
27032
27673
26896
27073
27903
27537
27026
27468
27504
27791
27064
27342
27582
27391
27538
27338
27551
27094
27525
27198
27490
27426
26833
26876
27231
27258
27401
27455
27611
27054
27280
26790
27061
26967
27725
27518
26892
27517
26995
27392
27435
27148
27420
26783
27355
27098
27195
27533
27877
27658
27474
27185
26887
27382
27480
27722
27582
27635
27447
26722
26965
27535
27157
26656
27253
27887
26988
27743
27328
27547
27137
26905
27045
27070
26984
27787
27751
27463
27566
26831
27557
26930
27085
27186
27547
26855
27407
27548
27125
27403
27495
27881
27407
27718
27446
26930
27177
27730
27212
27116
27903
27450
27432
27308
26944
27367
27718
26832
27744
27141
27855
27412
27612
27286
27408
27476
27328
27114
26762
27033
27480
27497
27575
27596
27440
27547
27147
27501
27361
27536
27728
27480
27362
27452
27463
27580
27195
27724
28030
27377
27485
27425
27504
27311
28225
27586
27370
27008
27428
27357
26832
27421
27715
27095
27118
26726
27420
26936
27487
26688
27494
27135
27152
27312
27307
27355
26784
27431
28108
27381
27762
26938
27360
27631
27341
26644
27752
27062
26966
28066
27503
27102
27486
26766
27171
26780
27170
27555
26943
27753
27424
27533
27467
27525
27864
27146
27267
27362
26953
27346
27004
27463
27777
27061
27204
27055
27508
26993
27523
27166
27835
27224
27282
26765
27052
27295
28013
27598
27456
27018
27626
26736
27091
27565
26945
27680
27298
27934
27563
27181
27243
27437
27010
27366
27642
27352
27225
27785
27571
27433
27472
27504
27694
27007
27427
27274
27358
27698
27383
27513
27096
26706
27318
27673
27003
27475
27070
27797
27267
27404
27417
27646
26917
26911
27691
27294
27172
27365
27420
27317
27430
27007
27415
27190
27732
27203
26976
26842
27391
27446
27588
26867
27745
27130
27083
27730
27333
27500
27106
27763
27953
27422
26954
27405
27338
27451
27286
27310
27072
27412
27144
27485
27365
27391
27692
27423
27674
27034
27456
27801
27522
26918
27467
27404
27377
26880
27057
27437
27441
27390
27932
27667
27360
27514
27195
27003
27315
26763
27718
27873
27601
27435
27490
27093
27510
26688
27404
27394
27622
27164
27311
27890
26901
27023
27787
27345
27402
26987
27537
27912
26971
26751
27403
27698
26951
27445
26925
27325
26951
27433
27640
27324
27655
27594
27116
27514
26938
27444
27123
27166
26921
27015
27723
26946
27363
27171
27466
26896
27131
26771
27491
27747
27131
27297
27531
26940
27435
26952
27066
27082
27251
26852
28047
27316
27084
27376
26961
27468
27656
27728
26735
27050
27326
27021
27053
27514
27446
27192
27052
26707
27406
27331
27164
26941
27443
26790
27324
27861
27626
27512
27516
27652
27246
27698
27002
27282
27406
26884
27213
27395
27307
26657
27868
27136
27088
27371
27340
27171
27284
27016
27340
27288
27456
26782
27264
27633
26612
27237
27462
27836
27573
27807
27098
27645
27307
27321
27627
27750
27085
27484
27484
27120
27191
27381
27497
27476
27495
27116
27901
27334
26855
26913
27565
27288
27520
27002
27340
27584
27387
26793
27430
27525
27085
27704
27322
27642
26911
26955
27081
27308
27412
26832
27972
27074
27034
27598
28088
27341
27541
27032
27393
27645
26964
27568
29757
26712
27061
26683
28056
27640
27246
26707
27303
27848
27398
27372
26826
27335
27487
27486
26998
27402
27811
26984
27760
27597
27378
26991
27530
27118
27440
27656
26955
27286
27633
27324
26945
27057
27592
26880
27503
27090
27550
26704
27048
27321
27603
27300
27053
27230
26805
27387
27410
27513
27617
27484
26970
27081
26965
27508
27555
27870
27698
27500
27276
27023
27418
26888
27433
26765
27122
27383
27268
27642
27403
26882
27385
27943
27163
27501
27246
27437
26967
26930
27773
27961
27594
27262
27586
27090
27841
27266
27471
27057
27385
27605
26865
27031
27787
27334
27275
27260
27237
26980
27175
27772
27736
27390
26797
26855
27575
27585
27060
27412
26865
27124
27430
27533
27107
27583
27797
27568
27470
27323
27618
27225
27437
27441
28478
26758
27816
26880
27537
26618
27338
27392
26968
27173
27468
27274
27771
27236
27956
26634
27041
27347
27546
27493
27504
27498
27578
26960
27060
27424
27512
27340
27777
27677
27523
27180
27612
27397
26897
26937
27586
26880
27404
26767
27225
27580
28036
27890
27224
27816
27385
27412
27625
27453
27333
27443
27298
27613
27092
27063
27048
27366
27598
27418
27651
27228
27461
26824
27175
26986
27336
26951
27232
27677
27357
27465
27633
27047
27362
26665
27406
26956
27237
26903
27068
27324
26814
27341
27950
27334
26982
27270
27597
27488
27710
27305
28210
27703
27011
27153
27507
27320
27383
26893
27437
27196
27235
27711
27972
27590
27468
27490
27812
27028
27731
27542
27240
27048
26881
26892
27060
26753
27246
27277
27682
27293
26695
27060
27860
27855
27490
27093
27381
26982
27482
26877
27257
26692
27360
27521
27668
27156
27406
26694
27973
26924
27047
27741
27281
27378
26997
27348
27430
27342
27481
26851
27500
27004
27753
27423
27615
27452
27572
27591
27304
27022
27761
27272
27046
26765
27200
26816
27276
27188
27078
27372
26937
27172
28005
27646
27803
27244
27303
27564
27131
27646
27782
27345
27665
27816
27872
27970
27541
27607
27464
27455
27473
26914
26804
27572
27383
26883
27445
27296
27533
27166
27104
27056
27067
27662
27406
27416
27344
27626
26860
27342
27756
27475
27882
27412
27532
27486
27285
27288
27851
27032
26983
27735
26996
27105
26887
27443
27433
27527
27500
27254
27400
27716
27978
27622
27271
27960
27156
27396
27964
27370
27241
27510
27443
26848
27598
27568
27774
27838
27060
27398
27388
27275
27528
26694
27721
27146
27418
27507
27542
27300
27135
27368
27436
27391
26674
27195
27606
27915
27566
27506
27455
27328
26893
27400
26946
27354
27888
26641
27678
27168
27437
27220
27206
27563
27680
27377
26850
27394
26810
27335
27600
26837
27428
26957
27331
27467
26922
27377
26981
27586
27061
27673
27303
26878
27360
27914
27577
26834
27002
27481
27098
27423
27856
27317
27630
28008
27598
27052
27895
26981
27501
26916
27398
27002
27665
27542
27610
27137
27694
26853
27982
27750
27131
27460
27451
27585
26987
27322
27187
26815
27077
26877
27186
27438
27403
26831
27802
27572
27963
27365
27011
27382
27593
27413
27350
28185
28102
28414
28332
28431
27234
26672
26912
27577
27153
27237
27323
26800
26818
26864
27446
27801
27112
27323
27091
27484
27416
27477
27271
27190
27536
27323
27620
27392
27443
26894
27368
27273
27512
27635
27638
27015
27435
26740
27203
27502
27193
27402
27090
27806
26884
27434
27852
27438
26974
27478
27746
27080
26920
26810
27157
27637
27115
27520
26843
27284
27808
26928
27667
26767
27572
26878
27180
27627
27155
27517
27217
27294
27233
27313
27466
27613
27177
27142
27491
27521
27074
27313
27128
27400
27636
27323
27454
27883
27523
27241
27545
27775
27455
26958
27015
27022
27716
26897
27631
26937
27235
26686
27425
27663
27173
27503
27768
27344
27085
27318
27937
27424
27688
27354
27441
27214
27184
26770
26925
27498
27576
27132
26981
27070
27433
27036
27454
27478
27266
26608
27684
27254
27097
26802
27143
28338
27828
27071
27347
26691
27254
27850
27154
27416
27644
27325
27808
27203
27296
27340
27448
27164
27010
27193
27486
26961
27392
27547
27053
27223
27686
27314
27750
27705
27410
26774
27554
27497
27195
27637
26846
27396
27215
26860
27874
27331
27496
27247
27560
27720
26702
27292
27440
27548
27028
27192
27837
27376
27300
26895
27434
26630
27226
26893
26991
27122
27495
26780
28026
27170
26941
26922
27534
27041
27346
27870
27088
27404
27588
27327
27343
27010
27786
27395
27392
28262
27637
27501
27411
26984
27160
26911
27914
26987
26994
27372
27333
26951
27241
26933
28057
27355
27083
27692
26986
27398
26828
27321
27606
27302
27038
27405
27335
27457
26952
27247
26995
28704
27048
27204
27352
26931
27336
27277
27190
26876
27362
26874
27604
27081
27504
27475
27058
28047
27417
27693
27376
27143
27421
26871
27413
27337
27161
26880
27050
27216
27152
26982
27894
27277
28008
27435
26901
27447
27028
26885
27230
27444
28051
27348
27122
27071
27994
27438
27393
27250
27607
27618
27454
27272
27303
26717
27408
26668
27007
27382
27903
26997
27475
27504
27100
27402
27377
27400
26877
27125
26886
27348
26996
27332
27176
26938
27903
27121
27407
27341
27454
27367
27688
27567
27362
26685
27361
27042
27836
27371
27184
27631
27270
27466
26953
27550
27052
27595
27080
27393
27691
26913
26946
27647
27015
26640
27750
27601
27670
27433
27406
26774
27480
27345
26995
27707
27115
27546
27392
26990
27166
27011
27433
26790
27631
27436
27121
27220
27565
26757
27104
27722
26877
27123
27901
27011
27684
27316
27507
26841
27511
27097
27344
27184
27548
27315
27004
27156
27310
27014
27278
27353
27420
27272
26994
27546
27040
27345
27274
27570
27122
27338
27414
27112
27332
26865
26933
27522
27748
26863
27482
27416
27582
27200
27227
26627
27246
27061
27401
27496
26897
26947
26896
27432
27306
27244
27394
26920
27644
27042
27026
27576
27002
27585
27448
27591
27446
26873
27402
26837
27518
27398
27161
26770
27454
27031
26876
26733
27262
27410
27858
27666
27510
27606
27336
26853
27110
26871
27705
27214
27798
27406
27596
26736
27675
27078
27518
27056
27308
27317
26945
27314
28451
27365
27522
27100
27548
27176
27262
26784
27360
27422
27483
27434
27437
27447
27393
27313
27604
27062
27165
27681
27460
27555
27921
26824
27812
27425
27540
27014
26890
27603
26865
26962
27301
26632
27486
27058
26955
26880
27360
27193
27608
27643
27450
27096
27401
26915
27262
27528
27162
27218
28103
27837
26923
27147
27416
27458
27494
27132
27633
27047
27231
27545
26897
27506
27186
27581
27661
27291
27393
27696
27407
26773
26924
27722
27000
27282
27343
26940
26973
27391
27865
26904
27347
27567
27464
27453
27168
26787
26963
27828
27454
26991
27356
27276
27675
27273
27440
27356
27244
27015
27571
26990
27720
27537
27397
27412
27367
27728
27434
27381
27442
27884
27077
26846
27167
27228
27541
26951
26924
27380
27612
27164
27240
27355
27031
27116
27584
27846
26862
27421
27426
26816
27417
26900
27343
26625
27144
27761
27600
27378
27111
27446
27015
27324
27238
26708
27325
27351
27023
27436
26813
27308
27458
27403
27528
27251
27690
26880
27472
27071
27413
27116
27345
27711
27121
27980
27475
26617
27446
27162
27451
26952
26940
27366
26908
27332
27333
27527
27826
27086
27468
27205
26895
27195
27374
27331
27747
27505
27560
27127
26858
27593
27488
26761
27457
26786
27148
27713
27398
26974
27766
27678
27058
27754
27722
27246
27578
26954
27355
27075
26910
26806
27713
26961
27674
27351
27525
27934
27494
27892
27424
26877
27082
27368
27814
27090
27218
26996
27030
27138
27342
26658
27056
27274
26960
27406
27304
27365
26867
27347
27890
27320
27640
27302
26831
27671
27560
27337
27188
27807
27425
27325
26883
27504
27242
27182
27564
26967
27593
26794
27453
27845
27525
26642
27143
27156
27433
27391
27307
27276
26858
27046
27154
26797
27485
26708
27605
27240
27015
27508
27392
27430
26915
26781
26748
27057
27225
27353
27400
27244
27307
26832
27915
27452
27644
26974
27355
26988
27585
27108
27391
27635
27304
26886
28418
27322
28036
27370
27053
27444
27022
27415
27106
27736
27335
27546
27032
27674
27675
27388
27140
27965
27668
26847
27436
26945
27362
26661
27468
27605
27480
27415
27298
27440
27785
27298
27383
26683
27451
27931
27121
27112
26802
26753
28041
27420
27760
27274
27718
26943
27634
26974
27092
27315
27445
26928
27405
27494
27374
27286
27980
27167
27475
27078
26892
27422
27076
27462
27131
27296
27600
27310
27018
27056
27835
27265
27642
27545
27420
27564
26753
27348
27366
27337
28020
27350
27728
26876
27561
26990
27507
27395
27223
27644
27170
27555
27322
27127
26853
26836
27114
26722
27944
27076
27861
27494
27416
27316
27691
27255
27377
27030
27472
27288
27438
27575
27186
27717
27407
27328
27007
27364
27801
27508
27552
27502
27484
27156
26986
27275
26870
27092
28561
27494
27830
27378
27234
27396
27481
27253
27028
27342
27795
27385
26922
27436
27743
27324
27698
27683
27582
26851
27218
27496
26934
27260
27002
27495
27812
27178
26900
27088
27333
26910
27404
27215
27143
27432
28210
27534
27502
27073
27043
27105
27740
27162
26962
27157
26848
26861
27253
26756
27033
27450
27836
27540
27650
26910
27732
27860
27578
27735
27111
27536
27291
26825
27878
26903
27330
26778
27533
27398
26953
26645
27223
27645
27477
27606
26878
27731
27734
26956
27454
26874
27675
26858
27413
26953
27451
26777
27195
27791
27011
27407
26826
27035
27448
27808
27702
26746
27125
26790
27870
27602
27845
26891
27652
27217
27493
27116
26910
27340
26951
26968
27240
26875
26925
27502
26967
27397
27927
26814
27403
27031
26996
27858
27298
27680
27286
27466
27043
26830
27112
27314
27111
27371
27777
26936
27344
27768
27405
26636
26910
27582
26854
27038
27920
26917
27384
26908
27386
27756
27581
27697
27138
27745
27071
27485
26888
27362
27398
27154
27300
26853
27043
27345
28452
27450
27520
27355
27611
27421
27096
27058
27690
27282
27416
26900
27303
27287
27913
26982
27595
27153
27468
26795
27484
27307
27401
27550
26836
27427
26868
27460
27266
26668
27524
27455
27767
27191
27207
26780
27862
27552
27931
27127
26911
27415
27514
26916
27482
26803
27406
26903
27045
27427
27447
27076
27762
27503
27403
27071
27457
26960
27420
27486
26972
26621
27314
26898
27610
27232
26954
27366
27301
27336
27525
27205
27632
27670
27043
27550
27051
27248
26937
27568
27434
27480
27656
27384
27420
27665
27577
26846
26880
27428
26972
27253
27365
27475
27250
27512
27188
27478
27404
27217
27065
27617
27208
27495
26806
27685
26846
27187
27737
26837
27398
26937
27120
27523
27441
26823
27428
27562
27516
27110
27015
26907
27596
27006
27721
27488
27773
27530
27765
27413
27726
27107
26862
27222
27611
27088
26903
27302
27352
26833
28073
26868
26967
27402
27534
27482
27237
26910
27266
27825
27363
27461
27328
27444
27061
26823
27281
27406
27088
27275
26915
27046
27516
26627
27011
27518
27531
27543
26925
27485
27660
26911
27811
27536
27290
27312
27530
27658
27360
26834
27093
27395
27436
26928
27528
27001
27267
26872
27546
27253
27182
27521
27032
27207
26916
27461
27794
27156
26963
27311
27395
27074
27481
27526
26978
27185
27623
27288
27762
27012
27736
27522
27193
27057
27290
27338
27298
27164
27436
26640
27036
26644
27664
27350
27138
27600
27488
27505
27931
27446
27982
27394
26944
27317
26758
26878
27681
27874
27537
26872
27627
27458
27088
27226
27205
27067
27750
27030
27850
27341
27432
26998
27364
27546
26932
27386
27047
27255
27810
27288
27734
27811
27458
27398
26928
27570
27327
27292
27028
27238
27531
27105
27513
27094
27292
26873
27373
27601
27221
27503
27333
26914
27028
27502
27186
27625
27845
27300
28071
26933
27174
27470
27191
27564
27454
27392
27035
26931
27427
27346
27382
26931
27041
26827
27833
27178
27375
26781
27622
27422
27465
27040
27495
27624
27440
27428
27485
26671
27253
27338
27116
27328
27675
27346
27482
27263
27577
27395
27372
26901
27435
27708
27038
27135
27170
27271
27520
27137
27446
26694
27286
27738
27157
27362
27305
27773
27074
27281
27893
27346
27706
27288
27636
27933
27508
27544
27867
27400
26924
27418
26848
27166
26905
27270
27091
28806
27466
27373
27650
27818
27502
26926
26928
27148
27548
27491
26900
26895
26857
27400
26976
27645
27361
26902
27626
27498
27160
27432
27293
27273
27484
27107
27417
27633
27763
27633
26986
27366
27743
27443
27132
27095
27333
27657
26960
27105
26964
27531
27374
27536
27500
27314
27303
27574
27486
27257
27466
27558
27297
26598
27112
27342
27317
27385
27688
26980
26847
27303
27407
27135
27640
27336
27345
27041
27322
27572
27624
27038
27315
27146
27528
26934
27390
27507
26868
26846
27260
27308
27821
27154
27150
27616
26973
27291
27093
27365
27430
27058
26853
27436
27660
26897
27606
26708
27440
26986
27481
26917
27268
27848
27444
27250
27156
27370
27197
26952
27876
26810
27643
27448
27365
27072
27338
27418
27128
27440
27057
27282
27525
26914
26775
27033
27434
27384
27448
26902
27407
26958
27052
27447
27016
27097
27783
27182
27382
27057
26971
27008
27745
26804
27024
27431
27004
27035
26926
26840
27604
27280
27831
28012
27471
27350
27318
27370
27643
27310
27687
27424
27126
27263
27411
26760
27482
26968
27425
27155
27056
27687
27438
27498
27102
27143
27603
26736
27376
27628
26928
27782
27037
27906
27710
27511
26868
27181
27315
27004
26876
26906
27506
27260
27623
27647
27030
27446
27483
27373
27705
27136
27316
27050
26861
26915
27463
27592
27225
27461
27142
27444
26968
27564
26955
27885
27664
27453
27257
27641
27322
27390
27035
26950
26988
27352
27728
27980
27445
27304
27716
27584
27410
27566
27473
26852
26922
27686
27717
26830
27596
26876
27423
27741
27366
27694
26933
27563
27761
27278
26928
27025
27481
26946
27614
27408
29567
27303
27155
27450
26794
27220
27475
27632
27616
27060
27600
26971
27443
26928
27118
27374
27006
26893
27501
27624
26946
26703
26902
27401
27510
26524
27395
27574
27361
27207
27767
27294
27711
27194
27496
27441
26780
26845
27372
27284
27540
27228
27326
27505
27415
26823
27506
27830
27450
27042
27376
27772
27421
27507
27224
27303
27685
27421
26802
27366
27358
27321
27350
26676
27508
26883
27003
27356
26972
27506
27257
27411
27911
27441
27252
27313
29356
27515
27047
27294
27062
27264
27363
27483
26998
26681
27082
27450
27486
27883
27284
27495
26801
27391
26968
27304
27632
27015
27560
27874
27125
26661
27446
27313
27471
27793
27396
26566
27320
27352
27508
27151
27487
27067
27372
27493
27064
26658
27005
27690
27236
27128
27443
26982
27087
27240
27531
26907
27420
26735
27012
27347
27798
27374
27531
26997
27405
27057
27768
26893
26821
27272
27446
27580
27461
27394
26938
27562
27092
26921
27064
27572
27054
27505
27172
27392
26878
27376
27806
27291
27675
26648
27447
27023
27667
26897
27407
27940
27368
27386
27053
26968
27578
27041
27462
26910
27481
26660
27353
27446
27366
27505
27112
27413
27644
26981
26857
27025
26858
27260
27473
26818
27654
27347
27021
27164
27456
27268
27766
27102
27538
26942
27217
27634
27353
27524
26922
26613
27146
27274
27116
27372
26911
26903
27600
27517
27502
27618
27074
27390
26906
27162
27032
29026
27832
27170
27355
28117
27467
26840
27392
28448
27448
27003
26913
27138
27745
26937
27452
26795
27472
27386
27422
27576
27158
26741
27521
27408
27635
27517
27343
27458
27610
27003
27551
26871
27326
27525
26942
27403
26977
27452
27513
27605
27173
27847
27328
27356
27038
27453
27833
27584
27044
27412
27274
27361
27066
27763
27261
27571
27984
27428
26976
26847
26748
27104
27592
27125
27434
27923
27127
27615
27748
26938
27125
28818
27397
27751
27087
26914
27444
27048
26960
27418
27086
26766
27680
27633
27130
26892
27748
26923
27448
27362
26835
27030
27327
27408
27382
27703
27108
27332
27676
27377
26752
26842
27592
26984
27514
27496
27231
27876
26875
27424
27645
27390
27190
26880
27014
27328
27523
27487
27313
27587
27723
27522
27908
27486
26840
27208
27603
27274
27478
26728
27413
27454
26971
27126
27394
27532
27094
27040
26840
26934
27326
27516
27437
26843
27137
26621
27634
27363
26624
27411
27316
26997
27116
27532
27786
27053
27465
27187
27096
27311
27188
27523
26971
26988
26841
26944
27980
26914
27226
26644
27468
27386
27277
27305
27608
27511
27285
27681
27011
27224
27376
26890
26973
27612
27213
27355
26957
27344
26896
27015
26781
27434
27496
27346
27216
26981
27477
26830
27424
27566
27081
27032
27516
26956
26870
28078
27402
27437
27463
26698
26953
27392
27730
27424
27490
27004
26935
27800
27682
26995
27502
26866
29374
27585
27622
27261
26981
27223
27602
26663
27480
26831
27435
26873
27383
27252
26718
27391
27496
26842
27827
27236
27276
27472
27317
27695
27200
27344
27788
27405
27544
27321
27602
27118
27423
27030
27160
26710
27690
27434
27320
26703
27563
28061
27521
27330
27533
27252
27481
27013
26963
26616
27341
27562
26952
27477
27625
27486
27823
27320
27765
27420
26844
27065
26750
27060
27216
27382
27055
26710
27644
26927
27345
27338
27413
27071
27280
28124
27074
28155
27325
26964
27036
26940
27152
27477
27085
27104
27450
26663
27085
27688
26914
27453
26930
27291
27018
27324
27575
27018
27516
27052
27115
27118
27403
26672
27474
27312
27101
27300
26912
27625
27120
26711
27386
27021
27228
26813
27142
27523
27083
27810
26986
27796
27581
27091
26973
27331
26832
27500
26917
27318
27728
27115
27692
27437
27698
27295
27421
27771
26836
27383
27398
27482
27314
26686
27127
26664
27127
27368
27357
27496
27426
26798
27403
27271
27087
27386
27313
27304
26920
27081
27657
26932
27246
27332
27717
27348
27427
26626
27478
27497
27546
27330
26926
27647
27714
26910
27376
26844
27416
27330
26950
27784
27000
27441
27433
27402
26985
27478
27611
27418
27014
27544
27138
27387
27602
27272
27734
27200
27504
27413
27274
26987
26936
27462
27241
26988
27346
27526
27228
27912
27211
27740
27366
27702
26746
27052
27701
27637
27191
27520
26982
27430
27026
27051
27360
27234
27166
27186
27522
27124
27450
26895
27066
27380
26978
27422
26785
26876
27375
26810
27554
26865
27424
27555
27332
27501
27695
27356
27072
27421
26980
27443
26903
27543
27431
26687
27034
26741
27120
26826
27782
27123
27468
26757
27266
27256
27323
27606
27774
27724
27355
26851
27583
27315
27665
26725
27365
27493
27184
27456
27464
27378
27404
27392
26997
27498
27570
27335
27778
27588
27624
27016
27407
27001
27552
26741
27625
27267
27678
27731
27032
26940
26974
27516
27516
26813
27882
26807
27635
27092
27436
27345
27044
27377
27628
27196
27591
27523
26977
27441
27173
27006
27016
26935
27183
26853
27412
26813
27548
27414
27357
27996
27515
27356
27012
27401
27007
27441
27247
26966
27436
27171
27117
27450
27426
27454
27738
27207
27705
27954
27355
26937
27492
27122
27596
27495
27615
27727
27320
27392
27614
27746
27525
26908
27467
27668
27093
26906
26928
27496
27133
27341
26975
27397
27105
27496
27710
27368
27641
27562
27664
27035
27268
27378
27053
27537
27011
27375
27373
27186
27437
27244
27537
27583
27122
27262
27497
27592
26853
26784
27612
27324
27483
26851
27411
27096
27030
26845
27133
27561
27154
27560
26965
27160
27614
27052
27124
27308
27671
27421
27897
27077
27737
27468
27396
27592
27082
27434
27457
27064
27358
28004
27367
27645
27175
27920
27812
27591
27274
26793
27487
27776
27634
27042
27307
26883
27025
27394
27021
26982
27205
27307
26961
27525
27018
27318
27388
27562
27672
26976
27476
26932
27318
27846
27162
27297
27415
27172
28013
27064
27146
26734
27034
27707
27070
27430
27022
27673
27620
26847
27594
27280
28073
27330
27670
27011
26790
27320
27565
27315
26985
27026
27323
26956
27223
26801
27441
27358
27205
26758
26957
27808
27824
31481
28412
28541
28000
27563
27356
27513
26894
27316
27785
27933
26966
27096
27541
27023
27057
27813
27504
26960
27461
27535
27564
26907
27306
27473
27075
26648
27486
26954
27194
27552
27428
26698
27077
27483
27185
27565
26912
27220
26970
27261
27666
27253
27560
26938
27157
27771
27241
27287
27536
27127
27371
27067
26970
27425
27654
27235
27048
27075
27012
27435
27570
27473
27893
27447
27094
27502
27467
27597
27111
27484
27337
27576
26972
27370
27467
27252
27543
26974
28020
27027
27432
27057
27722
27142
27197
26982
27294
27021
27001
27082
27505
26757
27722
27063
27176
26725
27020
27541
27561
27401
27675
27292
27305
27322
27765
27303
27011
26775
27252
27704
27560
27377
27008
26986
27667
27166
27383
26941
27381
26924
27077
27355
27330
27264
27056
27654
27644
27482
27053
27545
27252
27111
27280
27502
27495
27055
27837
27156
27268
27736
27296
