Latency
31903
108752
26348
26197
25902
26192
25707
26048
26106
27053
27286
27413
26512
26907
27202
26797
27120
26620
26994
26833
27431
27380
27132
27368
26851
27948
27216
27315
27593
26966
26800
27310
26825
26771
26997
27547
27488
27362
27353
26644
27371
26747
27415
27706
27403
27421
27203
27301
27228
26740
26663
27326
27100
26864
27016
27502
26924
27551
26820
27213
26766
27435
26908
27411
27308
27424
27548
26857
27408
27120
27540
26887
27485
27145
27210
26711
26887
27518
26858
28127
27071
27124
27025
27347
27101
27036
27507
27322
26701
27278
26748
27333
26891
27370
27427
27115
26563
27592
27533
27306
27487
26961
26717
27915
27363
26831
27344
26667
26885
27442
27367
27860
26864
27136
27267
27215
27602
27526
26737
27068
27004
27361
28101
27502
26763
27370
27238
27285
26835
27416
27882
27450
27648
27396
26746
26975
26964
27411
26946
28788
27234
27314
27474
26682
27391
26891
27068
27755
27007
27077
27373
26913
26921
27178
26864
27295
27393
27942
27027
27286
27541
27083
27176
27008
26800
26973
26782
27381
27587
26850
27053
27278
27321
26871
27316
27360
27074
26914
27551
26978
27515
27153
27995
27691
27306
28033
26836
27418
26986
27523
27708
27380
27388
26985
27440
26935
27306
26877
27586
27095
27450
27071
27792
27162
27514
27516
26994
27061
27445
27672
26897
27521
27362
27117
27622
27558
27940
27426
26840
27754
27225
27126
27281
27608
26901
27395
27640
27446
27630
27040
26836
27640
27493
26907
27602
26796
27460
27978
27350
27505
27445
27610
27641
27127
27505
27797
27115
27551
26915
27265
27783
27304
27602
27436
27501
27533
27717
27427
27671
27000
27616
27435
26937
27535
27812
27407
27908
27266
26730
27106
27425
27431
27106
27451
26840
27464
27574
27790
27330
27394
27545
29154
26954
26860
26854
27635
27198
27574
26955
27354
26907
26941
28787
27044
27001
26813
26855
26798
27558
27434
27263
27022
26768
27102
27588
27307
27631
27032
27207
26932
27166
27394
27461
27490
27635
26966
27400
27451
27501
27530
26681
27468
26957
27013
27311
27497
27562
27648
27632
27361
27494
26655
27541
28331
27498
27457
27260
27550
27250
27036
27041
27368
27517
27524
27007
27516
27401
27667
27257
27798
27140
27368
26887
27357
27577
27517
27647
27002
27721
26957
27312
27138
27433
26831
27325
27522
27115
26995
27664
27318
27546
27627
27518
27153
27535
27451
26925
27512
27303
27326
26804
27038
27038
27506
27428
27098
28057
27504
27471
26926
27091
27453
26953
27112
26890
26984
27331
27005
26987
27104
27071
27774
26975
27534
27193
27645
27494
27102
26981
27064
27483
26651
27298
27754
27030
27612
27325
27662
27225
27347
26868
26927
26784
27787
27665
26827
27373
27141
27162
27242
27773
27135
27651
27004
26971
26938
27558
27650
27623
27628
27388
27415
27301
27472
26884
26877
27921
27416
27380
27122
27081
27201
26956
27604
27492
27668
26748
27393
27376
27030
27435
26904
27422
26788
27407
27900
27426
27648
27370
27592
26984
28162
27631
27364
27408
27207
27404
27713
27377
27555
26874
27496
27101
27433
27587
27218
27887
26913
27586
26992
27585
27335
27417
27705
27115
27032
27615
27028
27705
26853
27717
27031
27671
27621
29414
27486
27897
27231
26856
27077
28181
27430
27001
27497
27876
27147
27933
27573
26922
27314
26800
27363
27600
27316
27436
27637
26923
27568
27932
27005
27555
27526
27372
27625
27461
28024
27336
27087
27376
27783
27332
27473
27175
27463
26786
27080
27133
27264
27540
27246
27253
27377
27658
27030
27586
26961
27283
28191
28023
27665
27582
27755
27105
27998
27406
27844
27675
27537
26932
27412
26950
26858
26878
27192
26877
27692
26956
26910
27441
27537
27083
27580
27537
27022
26931
26840
27133
26906
27487
26950
27002
26940
27402
27065
27398
27625
27802
27516
27401
26811
27467
26823
27071
26722
27228
27015
27634
27587
27470
27493
27485
27020
27551
27496
26867
27323
27195
26850
27551
26927
26765
26943
26770
27283
27531
26956
27198
27772
27514
27593
27461
27645
27598
27263
26858
27082
26953
27532
26824
27235
26622
27593
27480
27672
26950
27571
27160
27077
26828
27435
27162
27475
27381
26874
27216
27470
26735
26932
27600
27637
26982
27678
27600
26881
27382
26780
26857
26652
27022
27386
26755
27551
27847
27476
27493
27098
27541
27501
27294
27127
27644
27471
27388
27351
26950
27393
27660
27411
27557
27060
27498
27891
27050
27746
26962
27656
27297
27464
26843
27433
26862
27536
27764
27600
27394
27843
27120
27740
27546
27484
26753
27533
27420
26816
27508
26727
26628
27051
27418
27554
27404
27967
27020
27702
27456
26903
26983
29174
27510
26905
27392
27701
27406
27504
26944
27472
26907
27184
27607
27100
27495
27326
27136
26915
27464
26875
27297
27542
26790
27462
27462
27055
27320
27088
27452
27814
26998
27857
27470
27731
27397
27028
27007
27565
26766
27321
27475
27262
27310
27625
27824
27594
27570
27352
27786
26891
27500
27365
27092
26732
27362
27720
27087
27298
27885
26973
26990
27575
27045
27483
26810
27836
27007
26954
27458
26863
27092
27283
27111
27178
27562
27032
27625
27424
27528
27438
26771
26986
27418
27373
26840
27394
26771
26973
27428
27107
27592
28015
27394
27365
27282
27542
27395
27872
27567
26775
27356
27335
27673
27065
27600
27734
26955
27637
27480
27375
27102
27446
26968
26913
27494
27244
27342
27141
26962
28002
27686
27902
27280
27745
27473
27673
27473
27057
27664
26870
27348
26892
27142
27583
27064
27490
27663
27476
27581
27605
27685
27002
27503
27193
27068
26876
27484
26731
26982
27266
26834
27112
27442
27462
27605
26982
27144
27025
26990
27893
27797
27342
27331
27593
27175
27616
27331
27506
27571
27430
27214
27813
27374
27353
26974
27478
26903
27077
27494
26982
27542
27022
27137
26877
27470
27287
27508
26855
27458
27675
27565
27024
27587
26844
27336
26852
27433
26653
27345
27150
26992
27774
27073
27236
27528
27440
26934
26854
26774
27302
27478
26771
26675
27572
27655
27376
27684
26922
27512
27201
27512
27537
27460
27518
29225
27093
26978
27356
26855
27393
27283
27436
27615
26997
26942
27505
27632
27411
27632
27354
28043
27420
26794
26941
27873
26742
27284
26992
27460
26890
27136
27591
27408
27385
27666
27554
27711
26932
27573
26891
26978
26954
26896
27430
26895
27426
27821
27003
28125
27513
27765
27346
27632
27583
27415
27501
26982
27234
27660
28013
27516
27014
27455
26913
27506
27588
27484
27522
26747
27005
27151
26906
27026
26813
26820
26915
27528
27074
27268
27687
27563
27543
27457
27518
26722
27470
27521
26882
27338
27998
27332
27887
27274
26883
27337
27485
27462
27395
27521
26856
27690
27062
27384
26804
27192
26905
27204
27553
26798
26975
27275
27732
26810
27034
26934
27397
26868
27303
26928
27275
26951
27356
26727
27346
26892
27006
27324
27042
27035
27707
27212
27514
27401
26833
27366
26882
27560
27483
27677
27583
27697
27816
27306
27510
27041
27373
27673
27563
26743
26957
26887
26757
27352
26944
27656
27334
27250
27701
27260
27050
27441
27058
27293
27604
27572
26850
27453
26781
27282
26843
26770
27643
26830
27233
26967
27604
27923
26868
27696
27335
26722
27753
26764
27256
27352
27028
27268
26905
27381
27055
27343
27613
26955
27428
27802
27247
27516
27401
26881
27437
26836
27265
27074
27010
27326
27412
27648
27530
26961
27134
27580
26984
26835
27312
27520
26961
27390
27561
27636
27063
27522
27542
27187
27078
27551
27137
27374
29021
27626
27706
27322
27591
26740
28294
27775
27390
26912
27481
26802
26868
27610
27063
27471
26807
26764
27423
26861
27367
27507
28350
27551
27093
27404
27584
27225
28070
27038
27554
26914
27648
27763
27302
27003
26717
26960
26787
27258
26784
26746
27374
26886
27121
27028
27042
27544
27023
26915
26876
27250
26721
27344
26742
27506
27162
27414
27678
27783
27380
27212
26861
27137
27067
27525
28056
27028
27572
27253
27407
26955
27072
26816
27492
27506
27528
27025
27172
27584
27432
27486
27346
26932
27441
27794
27232
26698
26877
27683
27758
27464
27494
27016
27597
27008
27887
27403
27591
26863
27465
26961
26883
27241
27652
27131
27360
26910
27318
27737
27651
27648
27183
26940
26902
27086
26877
27642
27193
27561
26812
27324
27714
26995
27424
27566
27663
27472
27027
27690
27444
27448
27518
26914
27571
26784
27571
27000
27264
27055
27041
27550
27017
27572
27497
27038
27150
26880
27456
27383
27263
26840
26997
27427
26698
26998
26953
27368
28125
27053
27391
27462
26856
27056
27308
27310
26851
26837
27625
27242
27544
27517
27885
27445
27356
27371
27137
27774
26923
27382
27278
26768
27252
27316
27024
27094
27023
26796
27235
27641
27064
27315
26957
27713
27637
27127
27466
26871
27585
26856
27377
27413
27600
27008
27402
26955
27133
27154
27618
27611
27568
26866
27530
27500
27597
27594
27093
27618
27620
27360
27521
27373
26925
27420
27814
27454
27458
27366
27378
27116
27288
26858
27604
27422
27753
27273
27342
27054
27170
27602
27381
27640
26927
27512
26751
27650
27231
27372
26930
27485
27481
26853
27704
27402
27131
27843
27591
27627
26892
26837
27657
26811
27244
27623
27515
26998
27484
27401
27287
27495
27481
27493
27180
27441
27418
26926
27456
26913
27830
27033
26850
27126
27045
27296
27383
28480
26984
27137
27381
27801
27398
26910
26671
27476
27714
26861
26914
27273
27385
26981
27373
27405
27010
27507
27650
27658
26863
27857
27255
27204
26991
27236
26964
26892
26884
27408
26892
27403
27532
27686
27408
27021
27761
26883
27496
27856
26828
28691
27351
27718
27050
26775
27267
27376
27472
27336
27240
27455
27017
26753
27098
27546
27371
26923
27618
26726
27034
26957
27543
27004
27524
27356
27700
27274
27322
27348
26893
26880
27545
27236
27527
27078
27297
26907
27187
27488
27014
27801
27157
26761
27351
27538
26934
27545
26637
27408
27404
26692
26988
27667
27357
27676
26996
27128
27032
27772
27245
27291
26767
27268
27328
26691
27466
27488
27033
26908
27252
27036
27766
27723
27544
26862
27478
26954
27333
27544
27997
27700
27690
27524
27541
26756
26940
27532
27697
27301
27644
27441
27395
27385
26844
26946
26753
27054
26923
26771
27145
26953
27097
27580
26993
27600
27010
26803
27054
26813
26821
27516
26952
26947
27138
27462
27561
27152
26882
27438
27058
27362
27042
27604
27665
26923
27413
26882
27305
27192
27520
26847
27352
27688
27471
27034
27502
27120
27655
27404
27328
27121
27588
26721
26948
27520
27181
27622
27592
27510
26956
27428
27096
27492
26892
27561
26792
27303
26717
27130
26663
26865
27337
26955
27451
27593
27264
27018
27008
27720
26981
26825
27351
26765
26824
27103
26934
26761
27414
26666
26890
27521
27810
27088
27014
27410
27823
26856
27454
26831
26735
26895
26800
27256
27624
27010
27337
27507
26862
26853
27436
27091
27514
26798
27303
27467
27313
27395
26925
27322
27580
27147
27678
27486
28136
27167
27796
27710
27450
27544
26885
27341
26755
27302
27505
26761
27511
26800
27400
27551
27278
27318
26998
27474
27490
26930
27021
27133
26874
27345
27188
26771
26932
27796
27934
27412
27117
27063
26930
26702
27770
27267
27573
27023
27071
27922
27661
27712
27934
26972
27052
27097
27426
27081
27542
27544
27511
26837
27554
26818
27363
27446
26878
26862
27542
27493
27976
27348
27478
27340
28003
27771
26928
27544
26818
27293
27433
27325
27455
27625
27457
26835
26985
26731
26972
26904
26958
27570
27163
27681
27872
27408
26796
27481
27287
27560
27432
27865
27623
27362
27044
27464
28034
27070
27475
27600
27756
27515
26801
28047
27446
26953
27157
27696
27556
27012
27398
26952
27143
27760
27398
27250
27065
27700
26906
27374
26766
27318
27486
27352
27846
27690
28038
27575
27698
27526
27081
26702
26880
27317
27418
27264
27581
26743
27447
27622
27136
27406
27372
27487
27416
27683
27163
26886
26840
27264
26833
27524
27407
27514
26956
27425
26903
27361
26955
27371
27534
27313
27424
26934
27413
26882
27451
26883
27298
26723
27406
27661
27531
27172
27476
27132
27437
27736
27158
27188
27305
26785
27262
27408
26598
27283
27570
26963
26797
27181
27480
26908
27105
27565
27597
27708
27592
27178
27446
27275
26820
27032
27035
27517
27383
26864
26887
27100
27614
27445
27394
27641
27327
27040
26898
27686
27341
27173
27053
27368
27197
27371
27052
26915
27611
27576
27452
27478
26997
27482
26766
26762
27352
26807
27354
27111
27300
27142
27577
27258
27522
27728
27186
27822
27028
27472
26882
27261
26808
27347
27531
27291
26891
27330
27951
27033
27064
27512
27421
27555
28526
27188
26787
26795
27407
27571
27641
26685
27185
27524
27292
27420
27314
27665
27161
26847
26873
27442
26967
27166
27495
26858
27395
26794
27606
26868
27005
27108
26994
27685
27446
27552
27018
27413
26834
27306
27305
27320
27304
27353
27445
27351
27051
26978
27017
27167
27313
26731
26815
26913
27415
26772
27242
27395
27223
137312
27685
27492
27477
27523
27596
27653
28366
26795
26926
26814
26934
27438
27430
27523
27000
27235
27020
27605
26860
27135
26984
27394
27411
27563
27317
27378
27753
27177
27838
26872
26826
26946
27448
26944
27501
27393
28431
27516
27035
27334
27698
27335
27240
27093
26792
27357
27431
27502
27485
27413
26764
27422
26995
27441
27695
26820
27448
26817
27394
27575
26910
27374
27305
27657
27051
27946
27334
27570
27645
28091
27025
27774
27292
27578
26805
26936
26844
27470
27444
27724
27031
27636
26884
27813
27568
27167
27570
27700
27702
27188
27282
27513
26743
26962
27365
27572
27006
26916
26776
27371
27788
27615
28327
27438
27653
27328
26972
27068
27290
27538
27142
27295
27015
27460
27722
26980
27740
26971
27336
26904
27721
26871
27557
27504
27286
26915
26863
27610
27060
27533
26910
27072
27574
27562
27280
27345
27173
27691
27134
27196
26797
27567
27494
26954
27562
27637
26776
27512
27431
27066
27437
26818
26995
26846
27601
27757
27507
27412
27474
27668
26955
27095
27404
27040
27786
27491
27393
27311
27737
27231
26965
27105
27442
27532
26765
27577
27672
27110
26841
26871
27682
26921
27934
27787
27585
27285
27326
27617
26980
27365
27367
27563
27126
27041
27410
27705
27107
27493
26942
27547
27371
27538
27404
27167
27598
27185
27346
27025
27524
27044
27605
27005
27082
27750
27252
26880
27420
27880
27570
27793
27366
26941
27401
26976
27112
27586
27392
27231
27467
27066
27041
27337
27653
26812
27584
27185
27315
27121
27583
27114
27465
27903
26677
27114
27375
27141
27474
27890
26937
27604
27114
27466
26927
27363
27448
27541
27134
26815
27448
27622
27145
27446
27103
27352
26884
27692
27017
27381
27585
26997
27572
27654
27768
27791
26701
26938
27507
27038
27518
26863
27528
27391
27575
27575
27385
27885
27876
28165
27026
27448
27620
27086
27526
27851
27057
27460
27573
27345
26881
27198
27167
27333
26758
27400
27542
27626
27027
27850
27056
27093
26995
27661
26921
27172
26950
28085
27273
27165
26816
27433
27014
27474
26886
27368
27697
27755
27517
27367
26866
27340
27624
27522
28320
27908
27010
27445
27536
28012
27416
27458
26987
27517
27454
26873
27423
27835
27501
27474
27113
27348
27363
27525
27004
27422
27536
27140
27153
27106
28001
27385
26916
26971
27622
27570
26881
27126
27453
27364
27540
26948
27514
26960
27196
27466
27640
27454
27387
27491
27586
27434
26881
27596
26877
26942
27714
27575
27478
27402
27755
27490
27575
26930
27618
27338
27508
26918
27408
26978
27448
27644
27644
27118
27168
27575
27121
27040
27423
26978
27437
26842
27447
27665
27345
27830
26916
27495
27672
27051
26754
28054
27795
27083
27603
26836
27435
27286
27415
27476
26763
27508
26870
27415
27598
26905
27657
28033
27180
27493
27091
27483
27015
27037
26864
27497
26908
27716
27858
27595
27117
27651
27344
27340
27020
27550
27755
26910
27497
27570
27411
27074
27361
27052
26800
27758
27621
27810
27521
27640
27714
27092
27384
27140
27403
27564
27343
26933
26814
27710
26941
27518
26978
26888
26750
27435
27922
27073
27878
27384
27587
27100
26946
27573
27651
27207
27536
27478
27516
26994
27690
27793
27404
27930
27185
26846
26953
26862
27052
27550
26772
27667
27265
27028
27605
26928
26934
27567
26941
27095
27737
27418
27048
26904
27332
27192
27558
27193
26660
27524
27466
27014
26930
27561
27554
27355
27464
27434
27750
26793
27327
27653
27274
27545
26906
27103
27644
27325
27007
27124
27728
27515
27600
27854
27533
27446
27027
27452
26992
27504
26876
27123
26843
27231
27561
27095
27142
27074
27091
26897
27468
26784
27407
27510
26782
27612
27566
27800
27496
27440
26797
27662
26997
27124
26975
26874
26814
27415
27638
27150
27942
26976
26850
27027
27628
27931
26777
27755
26931
27082
27436
26998
27346
27192
27181
27096
27303
27735
27328
27562
27555
27662
27358
27448
27987
27443
27798
27315
27114
26782
26950
27566
27747
27565
27717
27062
26873
26977
27521
26865
26907
27195
27484
27232
27244
27465
27313
27482
26892
27084
27118
27514
27396
27624
27282
27574
26977
27527
27687
27302
27646
27455
27404
27165
26831
27007
27660
27708
27572
27705
27560
27462
27676
27403
27637
26784
27368
27700
26904
27374
27083
27194
27098
27445
27858
27044
27346
27717
27631
27228
27708
27978
27406
27371
26911
27627
27527
27356
27952
26944
27487
27238
26716
27911
27318
27632
27391
26896
26897
27034
27411
27860
27355
27813
27388
27108
27840
27431
27384
27486
27792
26966
26873
27431
27364
26887
27238
27447
27773
27064
26820
27925
27381
27494
27566
27148
27494
28318
27456
26942
27270
26914
27367
27474
26882
27202
27092
28065
27103
27480
26783
27458
28154
27295
27582
27378
27168
26694
26775
27283
26834
27270
26950
27247
27432
27063
27273
26930
27467
27578
27121
26850
27473
26773
27568
27393
27270
26922
27086
27546
27446
27537
27267
27446
27084
27270
27621
27722
27328
27228
27431
27116
27471
27032
27523
27020
27407
27096
26826
27015
27555
26941
27470
27068
27511
27714
27123
27241
27334
27130
26835
26986
27557
27623
27694
27604
27624
26955
27530
27335
27410
27356
27570
28104
27517
27045
26828
27064
27580
27508
27378
27826
27216
27088
27466
26923
27124
27575
26796
27374
27392
27823
27324
27518
26972
27591
27572
27483
27980
27077
27458
27368
27431
27602
27135
27336
27612
26928
27437
26804
27746
27858
26776
26985
27493
27406
27543
27252
27160
26870
27205
27141
26955
27243
26864
27253
27007
27531
27118
27068
27312
27595
27423
27326
27256
27362
26801
27523
27492
27587
27456
27103
27511
26982
27576
27443
27386
27977
27083
27506
27340
26767
26963
27132
27855
26976
27146
26953
27152
27313
27163
27481
27081
27181
27525
26888
26857
27400
27656
27025
27562
27547
27455
27513
27727
27034
27338
27371
27526
27167
27130
26923
26873
27571
27106
27296
27675
27531
27413
27475
26922
27052
26782
27781
27153
27472
28148
27657
27771
27337
26858
27535
26765
26973
26986
26897
27423
27332
27347
27262
27391
26950
27380
27458
27831
27567
27412
27530
27314
27464
27294
27221
26993
27477
26900
27420
26998
27261
27408
27030
26881
26835
27617
27500
27561
27575
27584
27381
27757
27503
27291
27632
27592
27306
27037
26936
27383
27545
27223
27608
26867
27590
27388
27580
27492
27164
27727
27357
27123
27764
27087
27353
27542
26930
26862
27066
26652
27214
27344
27445
27102
26917
27358
27910
27045
27678
27180
27226
27711
26903
27107
26952
27298
26893
26988
27561
27821
27643
26762
27398
27590
27488
27164
26866
27051
27098
27522
27653
27555
27702
26742
27646
27182
27076
27673
27772
26967
27970
27594
26866
26954
27320
26960
27478
26990
27331
27435
27564
27478
27365
26982
27870
27545
27563
27890
27398
27788
27348
26963
27820
27422
27014
27654
27084
27631
27407
27384
27700
27321
27758
26998
27431
27911
26927
27351
27082
27293
27600
27046
27603
27052
27226
27230
27403
27605
26980
27307
27290
27581
26784
26955
27942
27500
27678
27880
27428
27622
27011
26813
27720
27644
27000
27036
26832
27431
27870
26920
27598
27148
27358
27430
27684
27086
27145
27921
27572
27560
27394
27671
27312
27625
27377
26902
27255
27345
26953
27442
27104
27111
27480
26895
27002
27604
27538
27433
26988
27715
26933
27567
26942
26895
26934
27084
27676
26988
27661
26805
27378
27555
28048
27703
27554
27448
27464
26945
27651
26734
27518
27433
27513
27054
27433
26777
26940
27331
27685
27552
27388
27454
27451
26994
27562
27394
27633
27440
27552
26812
27404
27476
27550
27052
26896
27803
27558
27602
27542
27387
27117
26982
27091
26831
27111
27423
27847
27704
27582
27082
27566
27023
27313
27531
27108
26933
27066
27027
27817
26975
27484
27672
27406
26666
27405
27511
26988
27342
27053
27461
26921
27420
27383
27405
27665
26774
27348
27725
27092
26803
26966
27496
27731
27416
27677
27320
27472
27171
27258
27362
27743
26792
27094
27048
27824
27377
27572
27091
27787
27358
27368
26924
27575
27535
27470
27511
27754
27425
26906
27098
27006
26864
27013
27566
26986
27254
27115
27434
26902
27542
27727
26922
27827
27605
27496
27874
27254
26816
27606
27466
27393
27741
27348
27573
27310
27664
27005
26894
27974
27928
27052
27521
27974
27342
27286
27135
27698
26973
26800
26973
27496
27406
27596
26940
27435
26734
27487
26945
27626
27588
27540
27390
27581
26906
27458
26955
26823
27425
27135
27304
26924
27348
27566
27533
27256
27506
27611
27205
27602
27593
27518
27464
27974
27461
27055
26904
27480
27114
27692
27100
27485
26760
27048
27555
27554
27542
27142
27410
27040
27448
27483
26961
27597
26762
27162
27783
27011
27563
27364
27505
27788
27148
27375
27373
26803
27371
27594
27343
27603
27053
27447
27404
27626
27353
27797
28181
27534
27480
27508
27332
27401
27421
27060
27702
27122
27457
26955
27503
27800
27695
27715
26941
27077
27522
27388
27377
27675
27633
27127
27222
26954
27062
27494
27035
26648
26856
27591
27611
27410
27057
27145
27434
27052
27777
27534
27483
27105
26884
27445
27853
27066
27313
27432
26932
27681
27243
27343
26894
27500
27314
27591
27692
27434
27450
26905
27444
27696
27513
27634
27184
27652
26958
27221
27958
27107
27328
26992
27502
26916
27343
27806
27553
27085
27460
27646
27621
27410
27434
26908
27075
27266
27564
27847
27263
27651
26886
27514
27396
27176
26807
27465
27012
27554
27623
26907
27468
27642
27847
27393
27646
27502
26875
27034
27617
27133
27284
26798
27101
27186
27020
27567
27545
26773
27406
27693
27611
27054
26890
27752
27480
27472
27794
27144
27054
27571
27017
27252
27482
27254
27606
27200
27376
27563
27231
26952
27241
27472
27332
27612
27365
27147
27507
26810
27538
26960
27167
27642
26936
27780
26827
27582
27807
27630
27723
27106
27706
27161
27528
27313
27166
27504
26935
27297
26944
27544
26835
27135
27513
27053
27057
26986
27327
27626
27568
28071
27205
26984
27498
27612
27456
27314
27627
26931
27515
26874
26872
27721
27251
26993
27556
27211
27531
26946
27471
26993
26692
26966
27460
27063
27215
27781
27407
27055
27817
27100
27414
27338
27082
27360
27064
27852
27330
27470
26918
27468
27798
27170
27067
27726
27453
27017
27567
27408
27350
26800
27014
27181
26794
27514
26837
26984
27522
26938
27543
27154
27082
27556
27488
27290
27414
27467
27354
27780
26943
27198
27443
27517
27157
27042
27335
27418
26982
27537
26934
27685
27618
27440
26967
27045
27523
27085
26864
27506
27637
27134
27267
27480
27415
27043
27898
26926
27633
26964
27623
27143
26992
27792
27458
27684
26890
27376
27450
27427
27117
27634
27650
27572
27440
27172
26840
27585
27057
27162
27620
27424
27691
26977
27454
27972
27480
27835
27131
28025
27028
26950
27442
27026
27542
26864
26748
27264
27044
27791
27434
27603
26998
27606
27764
27893
27816
27134
27431
27600
26852
27914
26743
27148
27492
26894
26916
27463
27925
27053
26642
27345
27533
26822
27427
27008
27338
27838
26897
26765
27001
26868
27320
27692
27082
27394
26796
26891
27347
26836
27045
27664
27223
27460
26702
27465
27514
26993
27336
27700
27032
27632
27383
27734
27396
27362
26911
27405
27535
26942
27597
26996
27025
27536
26847
27500
27054
27395
27876
27334
26660
26887
27568
27798
27288
27005
27577
27488
27058
26960
26811
27404
27664
27842
27748
27087
26841
26868
27068
26945
27214
27016
27675
27476
27477
27368
26854
27300
27730
27426
27468
27617
27793
27373
26915
27488
26818
27477
27474
27841
27498
27857
27407
27561
27391
27443
27735
26781
27362
27495
27025
27076
27338
27016
26998
26946
27542
27468
27444
27774
27304
27104
27625
26922
26883
27083
26983
27117
27530
26985
27498
27058
27810
27190
26758
27487
27545
27020
27080
26868
27148
27608
27134
27638
26896
27576
27562
27163
27915
27435
26666
27104
26992
27458
27791
27535
27565
27242
26777
27156
27655
27023
27356
27702
27382
26913
27481
27604
27573
27496
27180
27388
27006
27564
27558
27183
27337
27530
27272
27578
27071
27531
26874
27042
27151
26904
27606
26954
27522
27457
27397
27257
27563
27816
27354
26980
27691
27132
27702
27203
27738
27732
27716
26876
27896
27425
27723
27576
27732
27705
26897
27700
27735
27607
27524
27058
27672
27906
27872
27586
26814
27016
26953
27494
26847
27647
27444
27638
27395
28033
27274
27554
27710
27254
26931
26821
26896
27283
27554
28093
27284
27611
26932
27744
27084
27093
27340
27308
27763
27370
27473
26981
27397
26846
27371
27787
27488
28296
27346
26940
27598
27531
26818
27164
27643
27597
27197
26947
27017
27536
27588
27470
26861
27082
27482
27608
27027
27191
27823
27124
27481
26891
27264
27510
27381
27367
27627
27046
27361
26996
27445
26895
27492
27544
26916
27584
27205
27687
27264
27885
27884
27185
26618
27005
27496
27050
27381
27517
27160
27306
26801
27374
27583
27001
27621
27250
26816
26876
26926
28195
27582
27303
27262
27321
27734
26920
26663
27738
27233
27005
27224
26778
27010
27371
27428
27726
27258
27495
27276
27461
27082
27523
26975
27707
27063
27604
27433
27272
27831
27303
26945
27216
27344
27000
27420
27086
27295
27485
26807
27501
27525
26988
27505
26980
27027
26971
27426
27735
27267
27597
27172
27517
26965
27107
26895
27735
27780
27904
27534
27651
26874
26922
27528
27310
27325
27606
26763
27073
27555
27931
26815
27041
27151
27644
27512
26790
27376
27355
27342
27348
26780
27594
26858
27525
27567
28381
27725
27475
27072
27550
27028
27534
27721
27501
26856
27107
27481
27858
27497
27237
27264
27458
27507
27772
27170
27312
27035
27895
27326
26824
27424
27855
27643
27646
26998
27281
28027
27416
27532
27374
27614
27181
27454
27400
27652
27283
27746
28677
27228
27085
26713
27563
27430
26905
27602
27443
27338
26998
27061
27612
27237
27328
27373
27623
26998
27582
27077
27363
27442
27184
27382
27528
27058
27477
27454
27291
26907
26961
27407
27145
27531
27593
27534
26974
27494
27116
27073
27024
27613
27642
26885
27358
27373
26807
27411
26972
27106
27554
27395
27568
27041
27512
27610
27233
28008
27245
27348
27410
27484
27308
27310
27825
27247
27532
26857
27498
27656
27214
27667
27061
27515
26922
27728
27536
27005
26837
27027
27147
27276
27470
26781
27552
26928
26948
27415
27716
26973
27557
27168
27491
27526
27431
27488
27388
27270
26972
26994
27650
27662
27076
27634
27730
27568
27701
27207
27250
27443
26903
27414
27031
27056
27811
26921
27684
27197
27661
27428
27196
26971
27581
27700
27362
27643
26945
27648
28290
26880
26960
26793
27524
27477
27325
27315
27740
27305
27196
27055
27373
27206
26828
27353
26884
26982
27537
26997
27566
27781
27917
27490
26966
27637
27444
27747
27811
27733
27612
27552
27140
27394
27847
27405
27536
27682
26884
27428
27574
27087
27108
27557
26984
27595
27313
27637
27896
27335
27920
27336
27371
27003
27460
26766
27522
27538
27567
26960
27141
27563
27367
27143
27565
26691
27495
27668
27073
27100
27065
27313
27805
27385
27756
27466
27524
26925
27483
27130
27540
27581
27404
27886
27124
27427
27775
26685
27346
27202
27657
27543
27143
26938
27402
27415
27668
27356
27546
27425
27535
27244
27630
27690
27715
27868
27516
27464
27120
27502
27272
27406
27654
27264
27377
27020
27134
27595
27355
26731
27765
27163
27432
27602
26904
27567
26833
27674
27535
27705
27443
26987
27741
27677
26955
27523
26991
27417
27666
27686
26795
26942
27394
27085
27640
27638
27498
26947
27405
27715
27875
27438
27626
26948
27464
27893
27332
27446
27303
27476
27061
27446
27965
27456
27811
27553
27651
27563
27591
27104
27122
27520
26993
27633
26870
27587
27557
27011
27727
27283
27592
27747
27374
26851
27648
27263
27357
26992
27306
26790
27363
27046
27491
26998
27851
27375
27126
27520
27115
26708
27822
27798
27641
27224
26848
27323
27492
27508
27566
26973
27150
27433
26912
27424
27656
27206
27510
27911
27473
26976
27457
27592
27046
27000
27173
27391
27184
26845
27104
27180
27837
27290
27846
27855
26972
27491
27245
27427
26936
27423
27552
27442
27592
27271
27206
27627
27150
26804
27155
27884
27298
28263
26957
27684
27503
27033
27483
26866
27126
26810
27043
27582
27897
27518
27632
27367
27834
27367
27702
27464
26784
27288
27640
27041
27448
27532
27666
27008
27501
27323
27156
27466
27438
27346
26986
27373
26840
27315
27055
27343
27607
27363
27093
27471
26985
27042
27020
28114
26936
27510
27312
27228
26888
27497
27545
27235
27565
27681
27531
27862
27503
27408
27613
27801
27162
27497
27117
26991
27775
26831
27488
26773
27476
26882
27240
27704
27002
27572
26951
27550
27816
27065
27524
27464
27346
27170
27663
26952
27234
27426
26880
27381
27612
27508
27403
27481
27230
27784
27353
27500
27053
27574
27042
26870
26998
27326
27010
27476
26967
27325
27048
27594
26942
27518
26916
27402
26608
27050
26858
27314
27347
27698
27396
27228
27492
26775
27402
27728
27031
27485
26895
26878
27413
26893
27536
26775
27025
27441
27068
27110
26930
27578
27652
26992
27607
27215
27334
27065
26905
26966
27466
26722
27622
27521
27701
27815
27508
26808
27403
27238
27385
27612
27421
27464
26950
27398
26977
26778
27793
27415
27653
27354
26981
26861
27201
27721
27002
27502
26976
27343
26701
26935
27368
27067
27192
26913
27137
26948
27671
26762
27024
27668
27081
27336
27685
26952
27548
26837
27956
27816
27304
27645
27780
27444
27116
27351
27546
27447
27548
27484
27562
27526
26817
26966
27441
27346
27782
27435
27665
27152
27518
26848
27094
27243
27457
27944
27198
26920
26992
27381
27573
26733
27767
27316
27664
27298
27426
26766
27165
27592
27717
27236
27588
27031
26681
27108
27518
27317
27526
27548
27112
27507
26805
26806
27164
27552
27374
26857
26797
27560
27951
27442
27196
27553
27901
27312
26956
27710
27688
27444
27627
27204
27714
27122
27410
27690
27443
26815
27440
27407
27673
26954
27516
27234
27651
27133
27318
26957
27107
27556
27408
27398
26796
27590
27078
27438
28021
27585
27725
26966
27427
27647
26984
28025
27033
27512
27458
27394
27620
26953
27758
26973
27518
26900
27777
27142
27554
26938
27472
27627
27918
26978
27505
26842
27346
27098
27384
27583
27171
27504
27540
27264
26795
27416
27855
27244
27630
27244
26876
26838
27341
26922
27983
27078
27426
27441
27738
27083
27741
26816
27326
27656
27601
27903
27394
27622
26874
26907
27200
27343
27010
27678
27088
26976
26903
26783
27445
27397
27251
27434
27428
27407
26755
27354
27420
26680
27551
26822
27708
27578
27505
26957
27118
26911
26946
26937
27520
27064
27424
27001
27145
27604
27026
27648
27647
27073
27057
27765
27670
27737
27704
27316
26888
27000
27487
27616
27648
27588
27065
27604
27624
27512
27377
26718
27587
27654
26888
27638
27316
27524
26826
27620
27148
27463
27058
27322
27308
27921
27057
27694
26980
27752
27727
27554
26850
27350
27352
27502
27652
26805
27181
27468
27631
26953
27241
27863
28490
27405
27568
27090
27386
27435
27316
27630
27155
27643
27064
27424
27920
27131
27623
27095
27623
27523
27727
26966
27682
27443
27417
27415
27611
27251
27585
27452
27584
26958
27612
27133
27553
26903
27043
27220
27212
27017
27364
27408
26953
27604
26973
27130
27635
27737
27065
26873
27210
27275
27063
27583
26881
26986
27620
27807
27581
27290
27063
26891
27472
27762
27192
26761
27196
27123
27708
27676
27560
26847
27141
27120
27540
27447
27625
27647
27026
27513
26914
27241
27607
27662
27496
27483
26955
27308
27307
27652
27128
27060
27763
27501
27041
27317
27373
26776
28025
27821
27404
27641
27425
27010
27352
27368
27614
27541
27037
27547
27187
27498
27036
26781
27026
27521
27626
27040
27413
27134
27670
27578
27446
26860
27412
26870
27153
27634
27066
27456
27740
27101
27280
27644
26983
26941
26960
27481
27523
27648
27831
27480
27961
27175
26818
26786
27766
27061
27608
26935
26891
27336
26774
27473
27528
27411
27442
26967
27091
26940
27628
26654
27156
27517
27965
27844
27555
27515
26841
27356
27782
27305
27076
27008
27033
27655
27011
27470
27165
27435
27537
27224
27615
27315
27431
26997
26980
27666
27510
27143
27180
26988
27232
27580
27500
27000
27543
27031
27387
27320
27877
27606
27028
27661
26942
26974
26973
27481
27643
27511
27491
27473
27726
27176
27642
27334
27115
26983
26940
27115
27266
27116
27897
27517
27145
26828
27053
27760
27690
27508
26968
26877
27745
27136
26988
27352
27057
26926
27407
27577
27348
27403
27566
27587
28102
27231
27344
26996
27326
27808
27626
26866
27432
26858
27048
27277
27137
26781
27515
27187
27500
27797
27106
26844
27115
27475
27665
28035
26942
27376
27697
27681
27053
27323
27593
27678
27626
27058
27188
27376
26800
26958
27870
27077
27514
26968
27130
26940
27425
27262
27810
27677
27131
27898
26901
27413
26902
27717
27627
26821
27215
27495
26991
27466
27916
27267
26947
27417
27405
26932
27514
26934
27712
27064
27016
26961
27436
26985
26982
27465
27017
26926
27417
27008
27654
27612
27400
27347
27595
27128
28024
27390
27201
27784
27040
27412
27452
26800
27022
27541
27116
27225
27116
26934
27254
27534
27152
27418
27773
27426
27124
27363
27516
27004
27055
27095
27590
27711
27525
27772
27363
27413
27550
27453
27703
26993
27385
27022
27476
27814
27740
27693
28030
27284
26915
27475
27555
27606
27026
26878
27450
27271
27410
27698
27034
27327
27504
27240
27792
27352
27508
26841
27522
26943
27250
27533
27035
27622
27086
27487
27013
27271
27258
27752
27031
27310
27074
26902
27128
27676
27827
27341
26993
27420
27808
26966
27520
27500
27614
27176
27495
27181
27404
26976
27447
27522
27881
27382
27614
27031
27401
27653
27496
26954
27495
27330
27777
27710
27561
26810
26832
27333
27717
26837
27481
27607
27366
27508
27850
27342
27474
26992
27774
27523
26977
27425
27214
26860
27027
27588
27108
27302
27681
27471
26982
27111
27021
27548
27313
27790
26915
27404
26884
27333
27548
27418
27491
27328
27610
27536
27363
27018
27154
27580
28107
27737
27921
26787
27355
26946
27497
26720
27118
27511
27170
27586
27101
26786
27598
27034
27772
27333
27675
27534
27040
27055
27582
26825
27460
26970
27114
27395
27707
27636
27514
27020
27292
26997
27272
26887
27456
27081
26956
26971
26964
27297
27163
27633
26987
26994
27706
27780
27245
27354
27117
27420
27557
27374
27297
27341
27486
26861
27526
27576
27554
26816
27543
27145
26940
27817
26905
26996
26651
27002
27174
27373
27430
27654
27015
27500
27353
26903
27071
27960
27472
27107
27573
27366
26838
26904
27692
26890
27536
27747
27695
27456
27627
27311
27471
27464
27531
27902
27328
26796
26883
27047
27351
27355
27991
26901
27106
27748
27026
27282
27983
27604
27263
27821
26873
27412
27771
26940
27623
26667
27401
27288
27562
27745
28013
26774
27195
27955
27040
27420
27254
27437
27616
27268
27494
27012
27070
27338
27072
27418
27692
27046
27857
27484
27728
27260
27334
26990
27720
27148
27126
27171
27134
27412
26995
26965
27512
26947
27528
27176
27174
27718
26888
26904
27231
27778
26957
27047
28123
27528
27660
27525
26987
27628
27012
27058
26986
27362
26996
27263
26850
26970
27793
27141
27541
26857
27091
27040
27050
26950
26965
28034
27602
27752
26796
27172
27305
27208
27447
26937
27062
27528
27121
27672
27000
27377
27715
27740
27375
27172
27706
27401
26748
27363
27061
26751
27801
27591
27676
27485
27632
27395
27414
27665
28101
27462
26927
27733
26902
27172
27658
27027
27003
27497
28148
27037
27041
26877
27272
27520
27055
27493
27932
27415
27795
27352
27475
27742
27485
27030
27144
27678
27441
26931
27112
27708
27005
27668
26735
26935
27361
26801
27208
26964
27091
27471
27780
27455
27654
26867
27676
27128
27167
27523
27764
27398
27134
27085
27521
27343
27724
27277
27456
27208
27636
26944
27153
27496
27197
27666
26867
27333
26952
27322
27513
27357
27684
27538
27828
27143
27350
27510
27206
27408
28183
27451
27603
27410
26751
27046
27564
26835
27544
26886
27047
26944
27491
26784
27024
27818
27935
27551
27161
27638
27498
27858
27023
26737
27026
27380
27843
27685
27068
27413
27470
27126
27555
27041
26864
27875
26950
26844
27172
27374
27665
27642
27705
28172
27186
27204
27571
27040
27460
27600
27062
27181
26886
27067
27252
27331
27681
27643
27060
27445
27467
27697
27044
27174
27472
27500
27273
26888
27686
28085
27502
26811
26874
26912
27995
27145
27975
26841
27972
27636
27654
27912
27431
27683
27373
27500
27738
27637
26966
27326
27602
27042
27793
26942
27710
27256
27667
27301
27854
26842
27581
27628
27976
27340
27996
27373
27302
27903
27750
26774
27542
27620
27346
27415
26896
27191
26960
26892
27008
27448
26968
27511
26966
27775
27204
27538
27191
27427
27094
27605
27451
27293
27645
27010
27536
26843
27234
27395
27363
26937
26985
27708
26892
27784
26962
27032
27642
27810
27366
27342
27201
27558
27832
27876
27658
27573
27024
26941
27912
27635
27517
26987
27487
27391
27046
27475
27030
27345
27564
27634
27512
27102
27164
27554
27543
27761
27210
27521
27390
27582
27451
27604
26963
27287
27628
27388
27196
27708
27553
26792
27121
27404
27680
27426
26858
27081
27534
26836
27601
27522
27108
27695
27505
27105
26923
27444
27772
27501
27582
26966
27516
27701
27461
27555
27473
26801
27671
27362
27671
27285
27697
27447
27441
27318
27124
27491
27578
27552
27536
27357
27640
27297
27614
27478
27723
27154
27540
26686
27553
27048
27068
27480
27348
27684
27331
27608
27146
27314
27134
27541
27165
27517
27492
26924
26977
27401
26973
27072
27692
26881
27427
27208
27722
27555
27467
27627
27561
27084
27501
27245
26926
27083
27637
27490
27338
27247
27375
27758
27433
27848
27142
27402
27811
27902
27652
27303
27474
27426
27670
27977
27424
26962
26938
27494
27124
27325
27482
26908
27628
27713
27510
26835
27366
26944
27232
27740
26850
27526
26903
27138
27102
27375
27000
26858
27098
26895
27148
27416
27954
27254
26944
27542
27495
27200
27757
27064
27191
26817
27353
27394
27593
27077
27571
26884
27543
27140
27171
27770
27427
26963
27566
27668
26990
27386
27150
27397
27704
27420
26853
27620
27127
27958
27172
26912
27436
27491
26918
27407
27478
27248
27797
27338
27212
26934
26951
26961
27290
27516
27421
27484
27531
27046
27321
27554
27167
27456
27112
26981
27070
27560
27095
27576
27654
27495
27628
27102
26885
27391
27307
27154
27280
27293
27790
27262
27350
27708
27554
27662
27856
27387
27625
27035
27322
27091
27395
26891
27187
26721
26946
27394
27860
27244
27461
27426
27702
27593
27194
27441
26880
26903
26735
26822
27906
27458
27646
26902
27427
27345
27285
26794
26925
27608
27468
27484
27502
27533
27012
27397
27128
27444
27090
26908
27106
27525
26958
26716
26860
27645
26946
27630
27522
27655
27606
27262
27478
26778
27576
27045
27391
27785
27246
27055
27273
27687
27561
26980
27566
27905
27371
26864
26960
27460
27234
27395
27462
27368
27681
27575
27731
26924
27701
27880
27232
27621
27201
27350
27774
27234
27631
27281
27744
26991
27127
27358
27183
27494
27065
27517
27431
27560
27375
27426
27106
26960
27547
27103
27130
27476
27183
26742
27757
27477
27061
27023
26857
27134
27497
26943
27727
26820
27254
27440
27517
27831
26985
27590
27620
27225
27726
27366
27408
27505
27474
27660
27067
27363
27046
27410
27756
27521
27087
27526
27695
27952
27235
27194
26871
27422
27694
27233
27485
27740
27540
26733
27307
27396
27740
26705
26953
27515
27475
26967
26824
27560
26820
27227
27402
26995
27804
27520
27056
27314
27032
26804
26941
27057
27388
26983
27385
26986
26840
27032
27596
26871
27618
26833
27044
27736
27611
27228
27507
27622
27566
27551
27307
27394
26862
27601
27696
27437
27762
26993
28290
27003
27621
26931
27606
27041
27230
27701
27081
27285
27297
26932
27662
27224
27161
27593
27568
27565
26961
27274
27127
27062
27051
27458
26797
27537
26765
27381
27654
26713
27141
27605
27158
27052
26936
27726
27604
27116
27456
27728
27301
27376
27347
26932
27424
27043
27024
27586
27003
27078
27496
26787
27468
27214
27533
27003
27392
26995
26851
27337
27066
26825
27565
27068
27510
27451
27737
27590
27697
27222
27607
27228
26838
27497
26814
27542
26898
26983
27597
26930
27452
27536
27062
26916
26974
28057
27233
27404
27535
27681
27274
27267
27797
26914
26943
27462
27430
27443
27117
27517
27481
27456
27448
27084
27370
26973
27267
27163
27497
27290
27685
26978
27763
27524
28315
27323
27485
27928
27465
27582
26911
26872
27385
27363
26961
27552
27057
27325
27434
27560
27011
26831
26974
27593
26921
27630
27497
27688
27690
26957
27724
26791
27570
26944
27832
27725
27485
27790
27510
27027
27084
27688
27090
27466
27345
26927
27192
26915
27130
27610
27105
26898
27038
27434
27813
27228
27754
27547
27674
27513
27261
27003
27412
27607
27367
27127
28055
27342
27537
26864
27524
27767
27297
27868
27565
26930
26976
27458
27011
27451
27031
27655
26975
27206
27326
27336
27245
27515
27136
27755
26805
27492
27011
27391
26925
26918
27568
26951
27323
26953
27818
27535
26964
27946
27047
27775
27333
27551
27382
27594
27598
27375
27402
27237
27735
27002
27186
27662
27641
27213
27552
27171
27502
27390
27473
27352
27681
27258
27496
27154
27152
27138
27482
26931
27520
26950
27131
27747
26998
26854
27436
27622
27030
27551
26970
26788
27186
27275
27727
27595
27660
26926
27077
27400
27615
27117
27763
27430
26873
27531
27587
27544
27575
27010
27485
27634
27864
27723
27397
27428
27714
26977
27438
26875
27517
27646
27050
27573
27206
27692
27576
27258
26976
27333
27575
26927
27133
27033
26832
27392
27560
26913
26974
27103
27671
27804
26988
26738
27475
27595
27614
27061
26863
27591
26943
27060
26855
26825
27615
27326
27025
26988
27491
27658
27180
27172
27085
27557
26860
27216
27742
27047
27310
26791
27587
27023
27090
26843
26847
27042
27130
27117
27522
27496
27402
27345
27340
27526
27255
26681
27163
27545
27742
27646
28095
27048
27700
27297
27485
27114
27283
27094
27398
27311
27554
26773
27804
27357
27711
27330
27554
26720
27120
26922
27542
27667
26967
27162
26767
27388
27637
27467
26950
27393
26997
27538
27164
27608
27853
27680
27680
27704
26868
27331
26850
26926
27593
27198
27410
26970
27574
27487
27526
26968
27434
27952
27616
27526
27574
27800
27377
27661
27195
27522
27567
27370
27761
27174
26764
27203
27408
28336
27593
27006
27666
27096
27310
27403
27496
27095
26977
27358
27680
27015
27591
26781
27138
27270
27107
27463
26900
27454
26890
27398
26985
27295
26942
26878
27841
27081
27627
27593
27727
27788
27005
27437
26790
27747
26887
27056
27598
26982
27797
26816
27400
27540
27482
26828
27111
27188
27038
27433
27432
27614
27412
27466
27026
26706
26977
27486
27015
27511
26950
27572
27544
27112
27444
26978
26772
27330
27413
27620
26956
27387
27804
27383
27593
27170
27512
26833
28281
27626
27137
27473
26896
27711
27252
26968
27187
27510
27003
27701
27672
27873
27564
26818
27521
27577
27763
27527
27067
27005
27748
27034
27017
26788
26976
26886
27557
27905
27577
27038
27080
27257
27868
27068
27555
27928
27376
27081
27490
26775
26886
26768
27592
27212
27640
27354
27582
27038
26928
27234
27934
27014
26945
27930
27274
27478
27167
27360
27633
27167
27632
26867
27694
27044
27171
27554
27493
27303
27240
27396
28261
27357
27195
27397
27774
27074
27337
27460
27171
27594
27784
27546
27711
27465
27585
27451
27620
27450
27630
27428
27140
26988
26940
26611
27535
27847
27646
27550
27584
27570
27321
27577
27026
27785
27068
27294
27737
27462
27940
27515
27611
27007
27095
27502
27078
27784
27677
27572
27342
27453
26953
27594
27816
27472
27023
27272
27736
27042
27178
27636
27103
27741
26855
27654
27514
27454
26942
26927
27500
27164
27163
26837
27266
27023
27428
26944
27691
27398
27135
27344
27768
27257
27645
27632
27812
27574
27536
26780
27110
27643
27095
26976
26938
27415
27556
27326
27273
26948
27358
27530
26992
27654
27792
27296
27683
27994
27600
27513
27025
27256
26961
26827
26945
26812
26972
27524
27795
27546
27626
27364
27646
27388
27387
26847
27226
26897
28192
27541
27453
27598
27126
26914
27598
27088
27406
27625
27454
27740
27123
27625
27137
27605
28000
27368
27468
26988
27043
27491
27740
27433
27437
27371
27625
28787
27651
26803
26953
26940
27582
27586
27186
27597
27258
27436
27706
27055
27382
26836
26784
27022
27303
27798
27342
27840
26822
27446
27517
27354
27760
26851
27248
27130
27645
26844
28075
27791
27754
27534
27355
27308
27388
26876
27080
27397
27634
26795
27113
27551
27003
26738
27035
27673
27028
27356
26931
27260
27341
27142
27525
27403
27638
26830
27541
27647
27490
27725
27482
27745
27456
27045
27526
27587
27351
26847
27038
27257
27050
27490
27223
27425
26845
27400
27755
27477
27655
27303
26855
27431
27302
27616
27533
27532
27597
27234
27804
27767
27670
27338
27620
27546
27067
27478
27612
27482
27434
27472
27482
26625
27590
26876
27378
27710
27455
26841
27070
27244
27093
27494
26780
27058
27455
26955
27152
26914
27471
26798
27393
27263
27045
27251
27186
26877
27627
27144
27183
27002
27547
27434
27448
27407
27736
27295
26884
27048
27545
27506
26728
27167
27488
27072
27381
27074
27141
26976
27837
27244
27712
27053
27551
27540
27070
26815
27221
27655
27604
27673
26960
26821
26866
27415
27634
27696
27385
26823
27546
27107
27928
27083
27020
27193
27683
27340
27370
27212
27047
27354
27304
27080
27455
26895
27164
27502
27097
26975
27433
27802
27547
27531
27367
27444
26918
27518
27726
27641
27463
27331
27687
27272
27752
26702
27641
27126
27544
27701
26861
27204
27507
27406
27743
26743
27414
26891
27538
27008
27270
27327
27063
27894
27073
27482
27326
27053
27551
27374
27491
27458
27476
27264
26880
27478
26897
27405
27056
27266
27512
27166
27623
27592
27494
26951
27367
26917
27317
26852
27100
27446
27630
26870
27498
28514
26987
27671
27293
27612
27292
27514
27947
27228
27681
26974
27173
27066
27625
27211
27551
27058
27581
27453
27504
26957
27494
27402
27366
26734
27678
27738
27670
27583
27034
27442
28002
27103
27451
27586
27601
27586
26853
27370
27426
27574
27143
26910
27701
27486
27060
27300
26965
27001
27694
27005
27334
27084
27410
27016
27635
26917
27391
27590
27858
27532
27452
27464
27738
27436
27480
27625
27390
27753
26948
27597
27855
27322
26971
27281
27118
27125
27625
27407
27563
27930
27680
27665
26854
27346
26897
27383
27618
27278
27305
27000
27104
26978
27068
27573
27154
27088
27047
27408
26894
27230
26898
27034
27496
26794
27021
26737
27518
27473
27731
27376
27480
27134
27600
26953
26836
27005
27356
26982
27506
27394
27530
27708
27638
26962
27798
26761
27521
27923
27517
27814
27525
27713
26924
27367
27928
27582
27498
26866
27068
27745
27742
27670
27432
27048
27121
27420
27488
27568
27407
27485
28008
26844
27504
26817
27393
27578
27105
26793
26941
27735
27344
27433
27353
27527
27034
27036
27427
27376
27016
27444
27022
27458
26932
27372
27906
27032
27703
27174
27176
27598
26782
27424
27438
26932
27513
27537
27678
26940
27640
26891
27353
27062
27361
27090
27408
26876
27333
27346
27142
27605
27646
27533
27754
27297
27043
27486
27735
27732
27324
27811
27656
27828
26790
27491
27597
26954
27120
27106
27502
27657
27634
26866
27097
27806
27561
27448
26945
27398
27455
27620
27463
27115
27488
27706
27526
27788
27110
26923
27056
27446
26956
27835
26810
27196
26884
27397
27713
27601
27485
27488
27005
27348
28011
27352
27468
27090
27163
27490
27313
27562
27306
27456
27147
27775
26895
27593
27057
27782
27538
27690
27013
27808
27196
27365
26873
27553
27274
26891
27021
27377
27728
27020
27285
27635
27010
27518
27451
26950
27438
27097
27185
27464
27598
26995
27467
27423
27518
27498
27388
27908
27567
26807
27418
27752
27168
27561
27441
27502
27134
26860
27107
27175
27480
26828
26978
27192
27366
27633
27285
27544
26864
27676
26764
27252
27397
27738
27443
26865
27397
27040
27434
26927
26973
27474
27467
27026
27621
27892
27476
27904
27327
26937
28496
27353
27595
27710
27456
27041
27770
27491
27053
27197
27363
27303
27600
26954
27290
27054
26886
27460
27530
27054
27471
27614
27031
27387
27472
27827
27024
26966
27396
27563
27034
27113
27047
27075
27450
26910
27003
27238
27181
27344
27160
27322
27537
27207
27520
27372
27597
26732
27413
27801
27531
27553
27416
26992
27003
27053
27498
26730
27408
27413
27392
27291
27423
27545
27278
27567
27291
26877
27551
27215
27522
26754
27133
27524
27044
27323
27420
27580
27035
26923
27478
27174
27804
26816
26981
27314
27615
27490
27445
26974
27482
27142
26886
27602
27403
27477
27473
27508
27524
27337
27600
27696
27585
26974
27532
27670
27141
27837
27386
27423
27338
27483
27133
27378
27081
27433
27591
26950
27043
27795
26966
27404
27707
26970
27368
26885
27402
26920
27521
27134
27474
27472
27064
27308
27201
27410
27244
27494
27317
27242
27277
27720
27282
27623
27221
27140
27000
27318
27528
27307
27605
27350
27470
27585
26951
27038
27330
26943
27792
27552
27167
27036
27733
27411
27621
27445
27661
27675
27266
27155
27111
27307
27520
27427
26752
27633
26905
27408
27144
27544
27887
27820
27562
27756
27244
27703
27785
27392
27298
27385
26756
26901
27498
27064
27663
27424
27092
27050
27523
27681
27216
27802
27262
27404
27727
26913
27378
27608
27296
26928
27428
27622
26946
27383
27793
27421
27454
26933
27045
27363
26896
27385
27387
27014
26966
27622
27757
27397
27911
26886
27661
27082
27745
27660
27434
27767
27421
27436
27795
26821
27553
27363
27422
27417
27523
27094
27016
26642
27265
27406
27093
27497
26777
27438
26862
27370
27476
26975
27568
26897
27541
27023
27584
26890
27491
27627
27820
27085
26897
26814
27641
27054
27594
27014
27521
26803
27020
27463
26921
27392
27808
27816
26877
27233
27022
27200
26834
27374
27233
27158
27810
27734
27504
26947
27502
26693
27505
27893
27103
27696
27023
27492
27116
27801
27160
27261
27377
27392
27527
27625
27060
27770
27136
27658
27578
27384
27374
27408
27607
27054
27427
26792
27538
27386
27292
27572
27481
27515
27105
27484
27730
26916
26954
26906
27372
26893
27600
27552
27115
27342
27753
27461
27882
27383
27581
27327
27678
27152
27592
27763
27451
27378
27694
27488
27754
27052
27657
27082
27471
26791
27153
27766
27383
28068
26830
27003
27390
27408
27850
27388
27104
27347
27128
27617
27465
27702
27094
27360
27024
27355
27457
27015
27403
27040
27617
27608
27548
27552
27080
27531
27221
26887
27547
27780
27403
27025
27610
27617
27378
27613
27191
27616
27136
27104
27127
27460
27707
26888
27110
27361
27584
27211
26761
26952
27377
27480
27657
26998
27680
27301
27531
27234
27260
26697
27642
27841
27393
27704
27603
27074
27401
27012
27574
27326
27731
26931
27110
27404
27016
26882
27133
27107
27715
27156
26942
27255
27452
27405
26750
27190
27022
27500
27804
28057
27393
26853
27510
28027
27638
26897
27591
27725
27584
27470
27466
27428
27708
26778
27592
27545
27531
27572
27638
27610
27123
27195
27868
28022
27416
27506
27004
26991
28015
27364
27700
27071
27340
27277
27521
27670
27527
27688
26846
26910
27370
27536
27066
27288
27602
26927
27400
27508
27026
26675
27534
27697
27134
27483
27436
27310
27443
26998
27697
26952
27533
26874
27578
27682
27235
27370
27733
26933
27748
27102
27426
27024
27087
27007
27651
26716
27930
27472
27585
27588
27502
27520
27703
27023
27907
26726
27307
27530
26817
27571
28086
26881
27485
27296
27595
26902
27417
27535
27531
27813
27034
26985
27540
27468
27924
27594
27216
27303
27214
26797
27098
27123
27357
26803
27126
27508
28047
27448
26861
26960
27440
27754
27398
27370
27567
26916
27121
27695
26917
27391
27872
27152
27572
27163
27070
27690
27465
27657
27372
27754
27186
27565
27891
27411
26933
27501
27661
27516
27977
27203
27342
27355
27284
26755
27032
27554
27027
27368
27430
27062
27514
27557
27360
27018
27840
27025
27501
27646
27357
27446
27132
27266
27447
26836
27438
27083
27564
27430
26941
27122
27462
27055
27477
27351
27556
27495
27260
27270
27754
26910
27475
27976
27668
26903
27648
26937
27567
26994
27300
26866
27257
27471
27056
27492
26988
27492
27863
27638
27747
27443
28001
27026
27641
27344
27805
27531
26818
27382
27665
27315
27215
28002
27552
26925
27662
26747
27582
27796
27061
27572
27170
27540
27052
27450
27144
26930
27566
27322
27125
27510
27092
27491
27713
27454
27605
27187
27773
26913
27432
27628
26752
28086
27582
27815
27404
27238
27646
26831
26966
27057
27698
27511
27082
26938
27355
27520
27683
27297
26928
27496
27442
27538
26956
27612
26921
27244
27422
27482
27378
27637
27268
27006
27552
26907
27435
27531
27033
27637
27494
27720
27038
27282
27071
27704
27514
27404
26824
26934
27455
27471
27115
27437
27720
27486
27631
27404
27656
27050
27390
27573
27607
27627
27334
27427
27222
26906
27523
27726
26898
26996
27606
26961
27473
27063
27198
27507
26996
26954
26893
27360
27776
27195
27854
27248
27135
27797
27394
26810
27378
27671
27205
27478
27608
27367
26893
27495
27250
27507
27088
27058
27027
27756
27351
26838
27532
27568
27125
27304
27803
27468
27458
27644
27287
27353
27697
27644
27250
27530
26916
27291
27726
26942
27568
27786
27333
26950
27508
27478
27765
27615
27104
27356
27492
27206
27397
26853
27513
27687
27375
27640
27390
27138
26841
27533
27601
27270
27110
27384
27183
27406
26893
26878
27577
27344
27424
27880
26862
26933
27150
27402
27766
26951
27435
27485
27622
26967
27325
26767
27298
27747
27311
27117
26786
27456
27607
28071
27092
26748
27510
27438
27232
27505
26943
27408
26936
27036
27448
27026
27561
27151
26836
27223
27573
26731
27275
27701
26908
27012
27755
27770
27634
26927
27485
27795
27318
27123
26854
26875
27944
27412
26913
26838
27570
27456
27727
27407
27402
27585
27491
27222
27276
27382
27320
27564
27647
26920
27436
26996
27508
26911
27532
27726
27616
27030
27138
26941
27423
26992
26903
27848
27437
26861
27418
26768
26886
27436
27788
27572
27188
27394
27595
26948
27765
27441
27285
26915
27978
27305
27672
27517
27311
27273
27535
27365
27644
27354
27421
27092
27556
27412
27404
27328
27010
26906
27194
27728
27100
27166
26960
27720
27542
27646
27486
27003
27045
27456
27051
27442
27694
27391
27563
27040
27468
27663
27073
27073
27678
27030
27515
27033
27451
27535
27624
27002
27101
26903
27350
26887
27474
27652
26951
26887
27756
27522
27041
27198
27482
27400
27796
28786
27508
27521
27068
27456
27632
27613
27666
26842
27631
26928
27042
26950
27445
26908
27796
26804
27142
27388
27103
27451
27008
27525
26918
27301
27461
28048
27265
27752
27145
27433
27917
27556
27846
27397
27590
26921
27613
26938
27630
27806
27465
27102
27381
27618
26777
27034
26928
27110
27227
27483
26936
26728
27047
27460
27635
27551
27226
27108
27268
27650
27641
26935
27576
26997
27497
27544
27026
27325
26993
27062
27161
27262
27092
27002
27196
27497
27106
26826
26793
27454
27025
27461
27795
27430
26914
26934
26968
26743
27028
27848
27007
27055
27007
27363
27672
26957
27477
27086
27821
27823
27594
27674
27525
27501
27770
27134
27625
27403
26773
27701
27647
27576
27146
27481
27122
27487
27561
27554
27631
27067
27474
27068
27016
27462
27165
27361
27508
26982
27484
27557
26880
26894
27734
27441
27547
26871
27321
27086
27465
27624
26761
27668
27377
26917
26985
27602
27481
27717
27584
27303
27195
27746
27795
27588
27091
27480
26756
27332
26940
27085
27535
27038
27354
26921
27170
27612
27375
27364
27700
27856
27497
26947
27551
26920
27398
26744
27095
27407
27005
27990
27682
27398
27723
27441
27632
27816
27591
27291
27675
26950
27836
27158
27595
27421
26995
27291
27317
27412
27563
26865
27506
27497
27490
27192
26811
27528
26977
27433
27067
27326
26945
26868
27510
26933
27416
26865
26974
27526
27877
27342
27348
26954
27923
26896
27765
26810
27597
26905
27688
27124
27526
27215
27447
27827
27621
26946
27467
27086
27604
27046
27191
26896
27238
27588
27094
27151
27940
26791
27635
26870
27015
27460
27604
28024
27425
27415
27964
27387
27005
27693
27516
27166
27465
26913
27231
27817
27930
27597
27594
27597
27438
27061
27980
27384
27867
26946
26991
26807
27081
27060
27112
27528
27062
27646
27610
27375
27672
27375
27567
26834
27307
26911
27502
26931
27091
27273
27657
27595
27846
27384
27403
26926
27360
27525
27143
26747
28155
27451
26947
27551
27730
27596
27698
27415
27542
27435
26770
26886
27463
27126
27061
27016
27057
27336
27524
27742
27354
27250
27698
27174
27484
27767
27334
27054
27062
26877
27761
27364
27817
27025
27582
27740
27411
26850
27116
27241
27234
27943
27618
26887
27610
27495
27535
26958
27033
27045
27491
27074
27513
26900
27270
27638
27632
26981
27348
26601
27438
26924
27403
27596
27536
27096
27810
27373
27810
27510
27631
27791
27321
27463
27501
26816
26772
27080
27003
27092
27817
27275
27482
26981
27276
26782
27242
27570
27383
27113
27707
27536
26731
27392
27732
27577
27690
26873
27200
27315
26957
27568
27227
27350
27652
27932
27791
27044
27347
26917
27696
26837
27574
26943
27201
26975
27466
27547
27745
27106
27130
27378
27602
26810
27165
26905
27410
27634
27621
27444
26978
27603
27023
27025
27281
27131
27525
27132
27497
26542
26950
26823
27001
27551
27465
27101
27225
26992
27164
26751
27057
26997
27024
27517
27641
27387
27061
27375
27796
27337
27491
26924
27451
27540
27224
27496
27272
27180
27423
27340
27605
27361
27704
26971
27188
27593
27813
26890
27004
27140
27486
27417
27421
26957
27466
27983
27327
26950
26932
26940
27557
27585
27054
27498
27681
27404
27182
27352
27548
27876
27673
26988
27855
27316
26967
27105
27480
26977
27520
26923
27432
26905
27164
27733
27137
27050
27146
27746
27356
26804
26947
27474
27206
27598
27496
26786
27623
27796
26980
27583
27045
27708
26870
27834
26815
27407
27474
27012
27861
27127
27624
27008
27024
27145
26934
27658
27534
27591
27487
27104
27335
27208
27473
27587
27011
27478
27721
27491
27595
27540
27733
27423
28070
27171
27616
27438
26863
27652
27286
27543
27142
27574
27416
26898
27512
26922
27527
27617
26985
27722
27062
27103
27452
27391
26944
27515
27087
26846
27476
27835
27184
27646
26974
27345
27723
27472
27605
27115
27385
26991
27586
26997
27683
27012
28004
27093
26960
27546
27643
27408
27622
27157
27430
26975
27345
26813
27415
27515
27818
27315
27012
27517
27558
27588
27831
27667
27820
28003
26972
27776
26901
27562
26940
26992
27475
27344
27507
27383
27537
27730
27006
27933
27226
27203
27084
27878
27361
27536
26978
27357
27408
27515
27516
26906
27148
27455
27665
27671
27500
27100
26824
27690
27347
26830
27673
27591
27485
27368
27625
26692
27796
27618
27000
26684
27623
27124
27228
27057
27417
27447
26816
27566
27026
27055
27013
27490
27597
27332
27614
27572
27911
27590
27553
27480
27006
27448
27303
27555
27716
27235
27521
27291
27576
27678
26932
26841
27286
27775
26975
26982
26860
27555
26933
26840
27644
26833
27076
27091
27395
27438
27007
27488
27017
27032
27704
27427
27395
26907
27357
27332
27604
27096
26945
27394
27508
27535
27698
27045
27494
27774
27361
26911
27483
26612
26822
27616
27831
27154
27565
26868
27095
27393
27764
27308
27832
27063
27857
27680
26871
27501
26861
27328
27725
27802
27216
27787
27750
27751
27328
27270
27081
27714
27240
26917
27538
26637
26943
26925
27543
27727
27253
26898
28325
27781
27097
27612
27778
27460
27538
27547
26758
27042
27491
26974
27464
26838
27420
26946
26956
27122
27754
26928
27661
27610
27202
27074
26937
27330
27115
26917
27116
27327
27756
27288
27643
27215
27727
27342
27428
27715
27923
27454
27095
27404
27245
27516
27705
27266
27671
26867
27255
27134
27096
26744
27517
27041
27018
27715
27228
27500
27490
27430
27510
27530
27537
27787
27551
27796
27311
27660
27885
27926
27644
27390
27448
27468
27716
27281
27632
27272
27091
27325
27006
27104
27656
26998
27243
27376
27487
27717
27126
26954
26961
27577
27120
26770
27527
27542
26992
27316
26826
27273
27787
27631
27098
27688
27122
27370
27382
27380
27674
27387
27460
27038
27413
27017
27551
27425
27462
27073
27528
27582
27275
27104
27550
26968
27632
27231
27410
26964
27110
27484
27078
27621
27996
27585
27695
27078
27367
27434
27665
27036
27490
26920
27678
27382
27091
27454
27476
27327
27646
27055
27107
27537
27471
27525
27828
27532
26950
27200
26990
27636
27374
27575
26941
27373
27676
27695
28108
27176
26966
27296
27321
27022
27703
27132
27572
26784
27440
27604
27101
27237
27551
26897
26976
27601
27374
27285
27786
26915
27263
27465
28061
27375
27057
26641
26971
27577
27841
27606
27551
27045
27446
27388
27267
27310
27463
26904
27835
27541
27061
27465
27136
27363
27355
27127
27622
27512
27326
27480
26832
27478
27580
27793
26893
27371
27066
26944
27696
26796
27504
27514
27876
27768
27482
26744
26908
27345
26822
26775
27542
26893
26988
27690
27310
26858
27145
27558
27468
26853
26834
27302
27358
26953
27735
26886
27568
27536
27041
27502
26942
27530
27718
26752
27708
27038
27573
26900
27988
27931
27573
27606
27564
27383
27537
26900
27541
26892
27194
27871
26996
27610
27573
27125
26868
27448
27498
27517
27220
27810
27773
27164
26824
26823
27077
27516
27073
27716
27655
27510
27652
27380
27611
26873
27836
27792
27028
27491
27314
26860
27434
27541
26985
27527
27734
27062
27125
27416
27114
27256
27411
26755
27533
27401
26947
27244
27604
28360
27542
27177
27433
26812
27375
27607
27122
27312
26975
27022
27623
27084
27473
27040
27095
27387
27131
27348
26984
27296
27466
27747
27677
27273
27576
27237
27700
27455
27131
27447
27038
27496
27457
27494
27641
27411
27614
27068
27568
26740
27051
26887
27353
27506
27802
26955
27816
27701
27071
27056
27422
27060
27595
27791
26923
27478
27676
26780
27076
27427
27533
27287
27634
27187
26981
26994
27612
27183
27651
27360
27144
27315
27761
27412
27713
27050
27396
26670
27555
27744
27604
27546
27086
27270
27008
26928
27647
27431
27320
27016
27046
27025
27054
27583
26987
27387
26965
27048
26883
27008
27077
26900
27545
27265
27221
27795
27516
27618
27384
26905
27352
27858
27718
27297
27560
26733
27565
27661
27006
27490
26992
26756
26904
27250
26937
27271
27026
27233
27615
27466
27352
26877
27116
27523
26990
27332
27452
27365
27547
27028
27446
27306
27504
27811
27428
26747
27383
27386
26854
27644
27245
27327
26892
27417
28012
27750
27404
26781
27090
27271
27093
27570
27610
26950
27517
27631
27517
26823
27214
27800
27451
27700
27060
27643
27088
27718
27473
27007
27405
27716
27292
27588
27640
27668
28007
26776
27590
27184
27435
27038
27365
27313
26946
27746
26884
26951
27370
27552
27708
27401
27502
26981
27464
27255
27191
27381
27498
26868
27560
27527
27087
27153
26817
27282
27042
27630
27072
26982
27213
27817
27202
27643
27180
27365
27803
27078
26783
27431
27018
27198
27582
26996
27450
26933
27427
26994
27515
26868
27136
27055
27628
27536
27431
26980
27400
27610
27588
27608
27628
27490
27112
27561
27606
27445
26892
27022
27468
27677
27682
26883
26983
27341
27124
27364
27200
27014
27611
27176
27352
27604
27582
27583
27042
27344
27448
27456
27285
27141
27036
27053
27708
26937
27168
26981
27081
27506
27970
27388
27594
27258
26812
26940
26945
27841
27091
26898
27808
27788
27583
27002
27595
26993
27041
28397
27106
27212
27116
26985
27347
27611
27726
26812
27063
27324
27551
27143
27862
26673
27557
27252
27464
26920
27312
27265
27098
26953
26981
26877
27413
26917
27543
27487
27170
26980
27037
27506
27643
27603
26951
26833
27615
27727
27628
27297
27696
26788
27133
27803
27674
27384
27427
27848
27750
27393
27360
26946
27381
26964
27458
26922
27461
27402
26924
27483
27112
26834
27585
27000
27588
27515
27394
27503
27081
27305
27144
27453
27018
27236
27515
27598
28244
27405
27620
27771
27533
27076
27470
27505
26942
27044
27917
27363
27670
26931
27501
27661
27140
26755
27651
27430
26986
27054
26795
26872
27288
27384
27902
27111
27081
27522
27304
27266
27725
27646
27785
27674
27788
27421
27518
26978
27296
26996
27620
27373
27441
26786
27452
27688
27010
27440
27500
28234
27475
26905
27372
26820
26772
27577
27066
27485
27080
27014
27598
27046
26923
26861
27461
26750
27473
27181
26980
27506
26777
27055
27491
27316
27578
27025
27545
27353
27435
26843
27752
27530
27943
27103
26990
27587
27034
27095
27818
27042
27403
26963
27328
27582
27082
27374
27628
27004
27752
27636
27364
27750
27040
27264
27744
26912
27975
26770
26946
26920
27865
27486
27682
27091
27521
27025
28092
26973
26876
27575
27922
27358
26953
27500
27825
27446
27557
27390
26891
27412
27572
26872
27273
27538
27350
27593
27618
27498
27587
26978
27502
27097
26998
26894
26936
27526
27756
27007
27387
27498
26976
27384
27470
26935
27442
26776
27047
27728
27531
26760
27686
27155
27580
27094
26890
27090
27371
27312
27126
27712
27526
27180
27625
27802
27387
27405
27214
27386
27672
27097
27807
26893
27461
26945
27812
27351
27048
27347
27144
27685
27008
26716
27968
27571
27483
27553
27691
26596
27041
27723
27642
27302
27714
27341
27576
27015
27068
26741
27064
27092
27491
27027
27007
27674
27371
26945
27436
26882
27463
27500
27045
27757
27686
27227
27698
27033
27506
27003
27633
27030
27317
27395
27504
26946
27595
26828
27285
27142
26922
27274
27608
26916
26986
27161
27115
27742
26867
27521
27547
27440
26930
27423
27793
27396
27901
27383
27671
27075
27126
27447
26908
27386
26772
27441
26862
27250
27502
26873
27557
27844
27436
27616
27052
27403
27012
27647
27012
27430
26773
26966
27408
26844
27101
27417
26992
27523
27774
27411
26973
27791
27573
27948
27554
26861
27353
27015
27717
27075
27438
27724
26974
27463
27602
27022
27414
26945
27752
26957
27400
27650
27276
27478
27186
27188
27471
27576
27014
27072
27523
27496
27467
27594
26946
27583
26805
27348
27496
27622
27790
26830
27183
27336
27614
27467
27408
26641
27487
27003
27186
27567
27306
27472
27118
27450
27808
26961
27086
27630
27796
27634
27638
26996
27704
27750
27386
27046
27216
27526
26808
27594
27381
27341
27011
27086
27412
27894
27383
27731
26953
27225
27367
27722
26848
26531
26898
27415
27173
27344
27063
27026
26968
26954
27128
26874
27338
27685
27584
27473
27321
27641
26794
27424
28001
26910
27735
26970
27015
27038
27085
27446
27554
27754
27593
27396
26871
27357
27397
27487
27498
27712
27046
26707
27338
27562
26950
27362
27671
27577
27751
27065
27310
26992
26904
27152
27404
27220
27433
27435
27080
27705
26866
26848
27458
26961
27495
26915
27361
26921
27013
27458
27150
27536
27660
27366
27232
27312
26878
27371
27026
27766
27467
27432
26925
27015
26922
26997
27661
27033
27156
26911
27061
27557
28115
27501
27151
27617
27612
27633
26853
26965
27388
27953
27473
27551
27078
27641
26994
27342
27558
27432
27733
27008
27660
26927
27333
27373
26805
27271
27456
26673
27001
27064
27504
27183
27612
26925
27163
27715
26925
27638
27136
27405
26984
27105
27763
27501
27025
26824
26931
27398
27948
26784
27133
27562
28025
27513
27916
27364
28016
26992
27615
27022
27592
26915
27225
27524
27727
27000
27474
27665
26978
27202
27867
27364
27425
27637
27391
26864
27110
26731
26884
27054
27870
27512
27652
27073
27237
27094
27677
26956
27360
26921
27088
26822
26912
27372
28131
27428
27636
27743
27183
27783
27350
27432
26926
27121
26828
26884
27186
27304
27665
27261
27494
27252
27378
27415
26914
27518
27627
27388
27592
26938
26854
27570
27486
26790
26921
26738
27111
27501
27050
26856
27287
26670
27103
27292
27373
27863
27054
26692
27297
27444
26975
27523
27804
27095
27387
26887
27736
26942
26990
26943
27432
27298
27391
27233
27368
26963
27755
27294
27733
27823
27588
26755
27408
27802
27757
27462
26890
27152
27671
27316
27758
27124
27821
27346
27635
27518
27887
27402
27076
27274
27025
27707
26810
26820
27304
26881
27031
26638
27628
27728
27057
27041
27043
27610
27411
27602
27024
27221
27438
27453
27353
27366
26995
27566
27847
27626
27742
26917
27437
27375
26905
27135
27047
26994
26790
27038
27351
27532
27851
27023
26860
26894
27773
27793
27403
26791
27196
28053
27261
27444
27147
27342
26834
27004
27163
27337
27556
27048
27648
27460
27226
27427
26965
27084
27573
27475
27413
27423
27414
27856
27330
26811
27117
27765
26960
27014
27408
26637
27556
27451
27672
27062
27307
26868
27025
26886
27068
27558
27091
27646
27047
27350
27508
27305
27653
27767
27564
27002
27320
27657
27647
26971
27751
27311
27581
27020
27535
27682
27177
27074
27754
27755
27121
27611
26882
27414
27358
27507
26988
27261
27054
26997
27657
27655
27018
27572
27037
27290
27837
27294
26680
26660
27637
27026
27561
26903
27453
27331
27744
27638
27415
26937
27016
27542
27513
26910
27322
26733
27621
27850
27267
26857
27202
27356
27016
27112
27425
27402
27496
27232
27645
27245
27435
27373
27491
26946
27435
27357
27597
27374
27586
26964
27568
27321
27490
27878
27045
27326
26834
27481
27342
27556
26946
27433
27680
27216
27573
27462
27092
27502
27112
27581
27427
26982
27904
26964
26804
26947
27208
26813
27220
27103
27090
26956
27467
27584
27024
27133
27367
27647
27368
27458
27340
27593
27374
26703
27088
27406
27562
27645
27206
27275
27445
27063
26871
27467
27401
26865
27063
27363
27118
27363
27436
27190
27894
27732
27534
27010
27528
27097
27420
27624
26866
26925
27258
27390
27086
27324
27877
27575
27036
27508
26974
27732
27112
27807
27617
27152
27603
26972
27250
26973
27515
26927
27586
27034
27240
27581
27268
27451
27572
27010
27497
27687
26921
27627
27477
27607
27194
27385
27100
27397
27753
26916
27610
27376
27728
26935
27056
27520
27514
27514
26978
27326
28004
27376
27594
27560
27484
27633
27447
26772
27106
27672
26948
27481
27082
27363
26804
27521
27030
27152
27425
27365
27964
27408
26943
26617
27647
27628
26933
27793
27647
26938
27454
27614
27386
27252
27040
27525
27221
27712
27235
27597
27572
27723
27133
27537
26911
26888
27390
26973
27127
27646
26997
26990
27814
27164
27055
27306
27463
27915
27486
27080
27410
27441
27570
27106
27513
26944
27560
27030
27202
27465
27486
26822
27256
27186
26910
26912
26756
27454
26986
27410
27563
26950
27505
26781
27071
27426
27743
27593
28174
27162
27603
26955
27345
27697
27032
26923
27072
26733
27483
26797
27096
27474
27102
27223
27598
27030
27437
27613
26784
27448
27271
27518
27067
26853
27501
27391
27601
26943
27521
27353
27718
27753
27727
27440
26898
27210
27556
27135
27630
27007
27484
26796
27144
27594
27053
27048
27040
27770
27880
27578
27336
27367
27767
27426
27652
26987
27052
26955
27783
27535
26952
26724
27746
27161
27511
27271
27337
26928
26940
27551
27364
26915
27462
27322
27354
27607
27940
27453
27321
27526
27538
27656
27350
27542
27362
27592
27007
27058
27918
27374
27711
27105
26994
27262
27233
27311
27418
27878
27775
27396
27002
27084
27632
26838
27700
26970
28225
27851
27076
26762
27236
27581
27562
27592
27424
27637
26764
27244
27203
26891
27521
26768
27151
27641
27021
26823
27908
27510
27832
27633
26985
26970
27177
27443
27176
26826
27786
26807
27127
27546
27071
27358
27677
27122
27268
27108
27235
26842
27317
27464
27207
27555
27702
27475
26945
27582
27018
27594
27790
27141
27277
27277
27022
27485
26782
27575
27738
27407
27560
26917
27552
27271
27897
27624
27174
27821
26963
27745
27456
27912
27221
27356
27606
26834
27731
26796
27040
27537
27715
27532
27321
26882
27564
27468
27746
26894
27315
27386
27684
26984
27445
26984
27298
27500
27611
26961
27850
27036
27133
27707
26994
27474
27038
27388
26877
26970
27016
27223
27657
27534
27670
27392
27727
27004
27018
27827
26980
26868
26910
27408
27543
26684
27698
27751
27540
26903
27097
27650
27073
26736
27204
27627
27287
27572
27072
27081
27464
27738
27498
27402
27077
27560
27117
27504
27753
27130
27718
27764
27264
27502
26835
27382
27633
27300
27140
27627
27494
27413
27392
26930
27475
27695
27820
27767
27683
27447
27271
27111
27453
27314
26898
27651
26905
27446
27647
27510
27966
27105
27144
27078
26947
27282
27904
27983
27672
26944
27675
27482
27074
27417
27260
27451
27564
27138
27382
27371
26915
27608
26836
26880
27694
26670
27571
26844
27202
27814
27076
27286
27724
27533
27696
27422
27271
26933
26928
27460
27524
26776
27604
27465
27028
27463
27685
27425
27620
27801
27233
26874
27070
27648
27393
27374
27097
27378
27643
26967
26973
27233
26944
27333
27445
27807
27512
27251
27058
27388
27280
26833
27766
27314
27480
27827
27491
26915
27470
26730
26980
26940
27607
27623
27052
27513
27551
26930
27180
27102
27178
26938
27031
27573
27170
27470
27621
27086
27018
27292
27742
27814
26913
27471
27196
26813
27151
27567
27700
27408
27740
26970
27461
27117
27805
26991
27364
27596
27084
27603
27006
27348
27075
26773
27700
27646
27816
27581
27560
27546
27305
27313
27295
27504
26808
27340
27515
27017
27555
26841
27092
27414
27075
26806
27267
27412
27233
27122
27515
26730
26858
27552
27667
26874
27552
27258
27054
27556
26978
27396
27711
27705
27396
27103
27546
27402
27506
27425
27544
27768
26914
27248
27696
27418
27223
27550
27592
27642
27598
26987
27378
27345
27578
27593
27061
26992
27021
27650
27036
27390
27702
27458
27912
27751
26983
27830
26844
26908
26870
27362
27714
27253
27278
26986
26984
27652
27523
27065
27505
28005
27070
27457
27173
27011
27672
27810
26994
26793
27593
26820
27012
27652
27117
27820
27566
27073
27492
27513
26774
27218
27458
26856
27578
27284
27711
27688
27532
26975
27604
26717
27528
26884
27062
27623
27353
27416
26787
27485
27581
26870
27566
27302
27040
27057
27445
26785
26913
27547
27554
27482
27555
26981
27343
26892
27362
27782
27475
26794
27204
27711
27015
27541
26975
27573
27011
27503
27444
26924
27492
26926
27676
27438
27320
27597
27816
27427
27362
27578
27440
27167
27652
26986
26812
27276
27598
27574
27438
27317
27514
27277
27606
27637
27673
27037
27546
27662
27103
27653
26964
27594
27334
27374
27591
27586
27231
27563
27332
27150
27484
26806
27026
27696
26970
27594
26870
27531
27520
26920
27483
27406
27423
27531
27481
27031
27020
26752
27705
26793
27428
27520
26883
27555
27260
27631
27031
26726
27936
27744
26935
27382
28178
27452
27568
27940
26992
27345
26831
26960
27434
27652
28096
27413
27605
27360
27690
27826
27566
26875
27421
26983
27921
27587
27317
27485
26746
26870
27264
27531
27736
27320
27616
28425
27370
27563
27662
27556
27640
27114
27568
27016
27497
27046
27448
26840
27066
26808
27692
27094
27464
26810
27112
27525
26981
27198
27463
27864
27256
26847
26908
27652
27136
27570
27806
27373
27595
27294
27584
27687
26982
26983
27445
26936
27447
27037
27152
27381
27518
27145
27648
26977
27125
26785
27297
27340
27167
27458
27314
27418
27397
27394
27038
26814
27098
27441
27622
27554
27085
27328
26967
27740
27774
27114
26904
27216
27431
26982
27482
27084
27393
27473
27696
27508
27594
27827
27737
27360
27482
27033
27416
27367
27365
26907
27725
26727
27432
27492
27910
26986
26925
26796
26877
27505
27075
27424
27330
26945
27776
27417
27461
26744
27024
27321
27952
27387
27524
27334
27536
27412
27483
27680
27298
27488
27451
26978
27113
27417
27045
27720
26891
27704
27526
27586
27302
28021
27168
27437
26985
27702
26864
27376
27834
27245
27726
27453
27637
27072
27464
27173
27572
27614
26918
27577
27791
27085
27685
27321
27210
26798
27496
26794
27037
27474
27002
27624
27567
27593
27207
27578
26907
27093
27263
26788
27531
27743
27703
27597
27008
27467
27936
27353
27421
27834
27510
27856
26980
27258
27506
26953
27472
27486
27936
26977
27585
27716
27515
28035
27488
27972
27418
27334
26937
27392
27651
26841
27572
27328
27571
27393
27643
27424
27047
27785
27248
27736
27624
27617
27167
26941
26814
27564
27010
27594
27041
27661
27637
27005
27607
27803
26970
27126
27692
27358
27584
26865
27368
27403
27691
27436
27500
27464
27460
27696
27213
27804
27208
27577
27172
27320
27350
27390
26830
26917
27545
27317
27624
27723
27226
28052
27138
27696
27012
27033
27033
27082
27753
26925
27472
26947
27500
26662
27558
27598
27586
27536
27794
27425
27426
27177
27606
27087
27313
26915
26812
26912
27234
27030
27436
27496
27658
27088
27478
27471
27774
27328
27574
28067
27490
27468
27006
27327
27536
27075
27705
26898
27712
27627
27258
26901
27052
27441
27378
26986
27744
27572
27445
27436
27185
27336
27428
26927
27695
27733
27686
27565
27062
27033
27534
27073
27494
26724
27210
27602
27421
26882
27398
26790
27422
27686
27095
27443
27470
27162
27326
27155
27156
27725
26913
27625
27044
27477
27002
27475
27526
26975
26810
27430
27732
27462
27444
27873
27526
27414
27488
27297
26968
26881
27412
27513
27375
27865
26995
26778
27451
27003
26952
26931
27305
27618
26946
27505
27075
26836
27957
27567
27062
27186
26900
27342
26935
27088
27526
27105
27287
27143
27616
26903
27273
26730
27526
26757
27498
27697
27273
26987
27546
27548
27473
27632
26945
28574
26895
27481
28466
27404
27001
26855
27735
27531
26598
27548
27603
27592
27504
27431
27002
27334
26834
27863
27870
26864
27962
27054
27512
27147
27372
27427
27743
26907
27093
27461
27824
27418
26884
27344
27563
26764
27234
27248
27541
27501
27081
27351
27081
27131
27630
27693
27510
27865
27576
26994
27828
26981
27488
26765
27054
27748
27526
27707
27616
26977
27677
27527
26953
27487
27310
27492
27870
27294
27068
27421
27630
27045
27128
27323
27551
27523
27364
27646
26871
27366
26877
27010
27815
26902
27434
27596
27481
27967
27456
27704
27080
27448
27060
27606
26820
27417
26880
27397
27706
26960
27476
26654
27035
27428
27213
26924
27252
27476
27186
27430
27341
26918
27383
27204
27147
26878
27530
26755
27855
27061
27463
27035
27518
27598
27152
27472
26974
26906
27110
27681
26951
27344
27110
27027
27210
27458
27476
27395
27615
27980
27582
27497
26922
27443
26876
27032
27446
27382
27193
27083
27540
26875
27526
26751
27166
27417
27054
27438
26997
27352
27323
27575
27436
26840
27442
27486
28024
27240
27234
27655
27760
27671
27557
27822
27565
27655
26744
27042
27087
26760
27481
26885
27154
27261
27614
26762
27675
27180
27504
27220
27366
27554
27011
27328
27634
27394
27626
26788
27856
27354
27653
27343
27816
27054
27156
27195
26924
27446
27716
27324
27548
27068
27503
26887
27430
27502
27456
27041
26976
27633
27858
27754
27331
27438
27813
26990
27111
26998
27447
27366
26930
27750
27102
27598
27794
27128
27610
27436
27357
26871
27507
27316
27440
26913
27421
26983
27532
27593
27600
27454
27434
27127
27487
27706
27081
26933
27015
27465
27603
27296
27617
27408
27015
27395
27496
27426
27511
27535
27704
27605
27924
27355
27031
27034
27444
26777
27504
27688
27445
27547
27902
26750
26974
27030
27042
27528
26871
27112
27464
27674
27488
27478
27564
26960
27611
27502
27887
27404
27651
27064
27488
27364
27572
27603
27581
26953
27468
26935
27407
27435
27601
28194
26976
27004
27534
28511
27144
27447
27311
27426
26822
27694
27655
27380
27604
27530
27013
27114
27454
26815
26912
27807
27756
28272
26857
27061
26760
26970
27441
27946
27193
26900
27467
27555
27154
27525
27361
27010
27426
27650
26816
26894
27343
27332
27438
27410
27506
26988
26982
27487
26935
27470
27705
27463
27551
27564
27435
27162
27363
27431
27321
27948
27460
27517
27586
27034
27764
27263
27450
27434
27111
27011
26788
27541
27032
27603
27707
27035
27608
27333
27596
27508
27536
27428
27262
27430
26915
27111
26902
27051
27590
26986
27707
27284
27132
26820
27201
27033
27745
26797
27434
27951
27932
27347
27038
27801
27383
26951
27066
27642
27083
26794
27113
27544
27616
26962
27056
27110
27710
27874
26890
26943
27660
27103
27551
27643
27695
27513
27696
27157
27523
27073
27474
27785
27191
27080
27402
27730
27768
27482
27172
26791
27028
27806
27106
27246
27620
26964
26935
27568
28036
27637
26931
27218
27531
27056
27444
27521
27461
26760
27716
27566
26865
27703
27486
26865
27236
27820
26770
26927
27442
27036
27045
27535
27060
27335
27050
27521
27743
27568
27670
27033
27540
27110
27691
27754
27415
27438
27445
27640
26992
27393
27810
27735
27146
27168
27433
27473
26964
27761
28004
27486
27844
27432
27714
27427
27876
27034
26875
27468
27110
26876
27168
27643
28216
27028
27738
27032
27467
27883
27043
27453
27438
26936
27108
27006
27486
26900
27930
27583
26981
27370
27594
26860
27391
27535
27287
26816
27081
27310
27683
27493
27993
27507
27076
27606
27595
27263
27714
27391
27677
27051
27226
27296
27662
27433
27031
26948
27497
27090
27455
27938
27216
27508
26835
27788
27792
26994
27132
27461
27674
27388
27035
27498
27601
27655
27215
27520
27246
27120
26868
27368
27378
27517
27552
27161
27657
27520
27365
27448
27435
27735
27010
27790
27110
27154
26775
27082
27427
27120
27176
27770
27444
27521
26994
27503
26911
27477
27624
27300
27540
27294
26820
26890
27756
27494
27924
27311
26938
26822
27604
27105
27590
27348
27486
26943
27446
27941
27720
27423
27682
27747
27050
26728
27881
27365
26908
26843
27504
27592
26998
27572
27006
27356
27542
27138
27347
27287
27474
26670
27544
26834
27026
27022
27600
26980
27828
27547
26997
27686
27552
26974
27344
26937
27204
27881
27390
26802
27593
27368
27997
27334
27087
27888
27683
27623
26787
27485
27433
27445
28448
27297
27936
27383
27508
27666
27540
27168
27140
27871
27483
27681
26928
27324
27107
27441
26958
27497
27477
27452
27428
27062
27224
26766
26881
27538
27164
27380
27535
27243
27486
26917
27506
27277
27051
26880
27396
27501
26886
26868
27001
27200
27590
27122
27071
27607
27267
27593
27227
27332
27108
27533
27643
26980
26880
27377
27942
27201
27503
27582
27334
26888
26972
27705
27578
27706
27595
27413
27397
27902
27472
28183
27107
27544
27061
27520
27762
27413
27106
27423
27683
27526
27827
27283
27171
27340
27038
27650
27548
27573
27712
27063
27386
26934
27425
27736
27632
26660
27914
27323
27520
26958
27031
26765
27093
26940
27091
26957
27151
26931
27431
27517
27166
27455
26944
27384
27531
27171
27520
27800
27684
27043
27662
27007
26825
27171
27735
27422
27618
27334
27047
27388
27498
27054
27113
26841
26975
27773
27036
27293
27567
27678
26984
27326
26957
27903
26880
27344
27630
27636
27067
26842
27068
27568
27914
27447
27608
27361
27417
26916
27676
26825
27063
27017
27511
26982
27070
27737
27573
27127
27926
26957
27465
26964
27330
27521
27074
27426
27562
26992
27832
27481
27625
27003
27025
26822
27508
27813
27802
27608
27094
27462
26993
27372
27597
27395
27474
27096
27403
26727
27880
27730
27137
27662
26901
26876
26795
27577
27107
27455
27555
26760
27607
27785
27010
26753
27466
27045
27316
27032
26791
26937
27336
27388
27478
26788
27383
27573
28002
27155
27092
27543
27665
27043
27556
26991
27325
26852
27297
27631
26975
26685
27866
27412
27423
27823
27555
27356
27754
27493
27537
27470
27543
27237
26835
27343
27731
27243
27518
26868
27524
27026
27454
26821
26943
27648
27841
27570
26978
27750
26907
27380
26855
27413
27961
27332
27645
26707
27065
27386
27912
27414
27497
26993
27661
26917
27527
27770
27083
27008
27533
26798
27167
27743
27443
27410
27433
27261
27041
28033
27282
27630
26944
27326
26993
26826
27493
26841
27511
26864
27777
27607
27641
27388
27614
27805
27252
28015
27066
27331
27683
27340
27251
26907
27536
27568
27003
27714
27245
27622
27160
27413
27306
26844
26930
27637
27012
26863
27375
27865
27355
27382
26956
27665
27484
27283
27517
27266
27503
27071
27626
27600
27392
27234
27564
27380
27215
27504
27510
26893
27296
27248
27244
27723
27413
26904
27437
27741
27392
26623
27183
27327
27577
27214
27754
26890
27496
26918
27535
27553
26901
27468
26793
27402
27652
27358
27430
26783
27626
26985
27178
26820
27523
27576
27625
27637
27012
27396
27045
27740
26987
26734
27107
27692
27045
27721
27357
27482
26991
27440
27654
27365
27856
27742
27560
27474
27604
26922
27647
26923
26993
27416
27635
27352
27558
27328
27521
27994
27631
27663
27380
26816
27018
27457
27877
27442
27738
27527
27105
26780
27580
27193
27452
27443
27578
27454
26833
27325
27056
27522
27537
26827
26963
27457
27480
26726
27077
27526
26876
27787
27028
27367
26836
27453
27332
26922
27094
27596
27028
27098
27786
27407
27430
27053
27653
27143
27380
27396
26904
27062
27442
26805
27152
27325
26955
27203
27444
26905
27092
27662
27560
27588
27352
27537
27404
26566
27775
27514
27672
26830
27115
27023
27850
27410
27581
27245
27682
27526
27597
27565
27450
27041
27717
26897
27526
26824
26941
27806
27395
26912
27115
27594
27040
27618
27035
27667
26906
27794
27161
27612
27173
27040
28060
27456
27100
27440
27725
27436
27507
27036
26746
26856
27356
27540
27450
27582
27501
27474
26945
27022
27494
27274
26930
28090
27537
27907
26913
27583
26876
27461
27681
27295
27562
26921
28142
27153
27880
26956
27816
27318
27771
27645
27881
27370
26776
27442
27516
26923
27542
26742
27136
27606
27721
27634
27024
27647
27613
27547
26865
27323
27395
27421
27248
27661
27198
27507
27163
27445
26932
27743
27726
27101
27630
27604
26910
26978
26964
27323
27553
26911
27492
26894
27497
27196
27488
27448
27142
27735
27346
27670
27611
27478
27508
27427
27086
27326
27496
27420
27583
26963
27745
27411
27071
27673
27682
27524
26921
27494
27391
27521
28687
26898
27461
27601
27788
26964
27020
26847
27638
27604
27776
27853
26805
27477
27262
27724
27478
26788
27261
26920
27865
27447
27117
27401
27071
27365
27624
27240
27586
27364
26840
27202
27737
27437
27396
27748
27776
27457
27550
27494
27541
27533
27506
27683
27588
27467
27376
27212
27085
27416
27303
27681
27211
27588
27732
27142
27268
27453
27577
27625
27286
27263
27524
27262
27601
26944
27470
26922
27041
27762
27453
26790
27643
27124
27060
27480
26844
27065
26873
27086
27115
26850
27463
26887
27831
27687
27105
27495
27244
27076
27786
27087
27945
26914
27381
27414
27697
27262
27080
27464
27618
27536
27611
27188
27596
27136
27495
27792
27343
27622
26886
26995
27014
26867
27274
27410
27461
27476
27748
27427
27640
27581
27124
27322
27292
27298
26785
27370
27447
27461
27717
26785
27438
27154
27210
27525
26902
27332
27151
27400
27430
26894
27412
27716
27082
27284
27046
27496
27723
27467
27954
27352
27488
27108
27483
27277
27492
27050
27231
26951
27532
27594
27500
27327
27678
27157
27493
27004
27078
27893
27252
27560
26874
27480
26784
27450
27153
27550
27176
27346
27616
27093
27145
27694
26981
27102
27496
27454
27574
27455
27320
27696
27363
26930
27604
26942
27081
27586
27730
26932
27757
27666
27810
27512
26808
27061
27087
27557
27155
27882
27033
27513
26884
27152
26964
27552
27253
27040
27486
27345
27705
26973
27528
27803
27325
27461
27715
27161
27605
27142
27093
26890
27622
27318
26941
27712
26990
27577
26908
26982
27648
27356
27215
27343
27480
