Latency
49884
1616745
1619202
3184623
3187718
3190496
3197356
4760356
4764028
4766493
4769705
6335795
4766552
4770858
47422
48252
49338
47736
49001
48530
47978
48453
48486
48776
48373
48382
49047
48381
48451
48148
48511
48630
49468
48436
49127
48197
49143
48434
48676
50190
47806
48520
48675
48442
48774
48310
50651
48026
48577
48268
48627
48743
48111
48132
48702
48597
49157
48333
48504
48605
48446
48506
48111
48496
48752
48081
48711
48887
48656
48283
47892
48105
48933
48280
48244
48456
48290
1613703
1615716
49993
1612580
1616675
1619737
1623683
3187062
3190294
3194126
3198891
4761744
4765407
4767987
4772171
6335883
3199078
4762328
4766322
4769697
4774148
6336576
4769963
4772816
6336576
4769726
4772998
6338215
4770056
4772151
6337118
4769260
4773451
6336931
4770054
4755256
4765584
4768495
4773178
6336595
4769530
4772736
6337333
4769925
4772511
6336482
4768468
4772473
6336846
4771468
4773906
6336646
4769578
4773170
6336862
4769281
4772511
6336357
4769575
4772632
6337182
4769402
4773181
6336616
4769466
4772878
6337814
4768831
4772478
6336430
4769702
4772918
6336050
4769048
4773166
6336696
4769452
4772342
6336617
4769506
4772134
6336105
4769627
4773536
6336996
4769741
4773408
6336820
4770336
4773523
6336805
4770456
4772882
6337036
4770156
4773360
6337944
4769795
6334408
6337911
4771343
6335341
4766347
4769503
6334608
4766510
4770721
6334655
4767267
4771075
6334072
4767248
4770678
6334114
6337885
4770732
6334570
4766206
4770556
6334658
4766783
4770846
4774191
6337612
4770088
6333601
4767197
4770398
4773725
6338370
4770283
4773422
6336870
4770161
4774201
6337747
4769855
4773423
6337716
4771052
6333937
6337601
4771037
6334135
4766845
4770135
4773877
6337821
4769863
4774172
6337215
4770198
4773810
6337534
4770553
4773671
6337374
4770892
4773593
6337901
4770097
4773176
6339380
4770037
4774053
6337425
4770270
4774206
6337312
4771102
4773462
6336950
4770502
4773732
6337907
4769811
4773055
6337765
4770607
4773452
6337915
4770406
4773417
6337033
4770422
4774061
6337514
4770372
4773380
6337091
4771428
6332995
6337497
4770166
6334022
4766473
4770617
4774155
6338052
4769795
4774210
6338186
4771377
4773357
6337646
4770976
6334377
6338316
4770608
6334623
4766775
4770548
6334302
6338121
4771376
6335084
4767245
4770577
4774067
6337492
4770493
4773417
6337998
4770505
4773612
6338013
4770211
4773710
6338078
4769783
4774276
6337113
4770355
4773857
6337237
4770375
4773646
6337792
4770762
4773928
6338194
4770092
4774131
6337803
4770493
6334817
6337432
4771326
6334511
4767880
4771863
4773773
6337228
4770997
4773656
6337501
4771911
6334204
4766868
4770122
4773290
6337913
4770390
4773804
6337191
4770510
4773696
6337734
4770377
4774177
6337643
4771056
4773675
6337613
4770183
4773420
6337820
4770355
6334257
6338463
4770832
6334578
4768187
4773533
6333987
4766292
4770878
6334026
4766982
4770508
6334886
4767276
4770388
6333591
6338145
4770846
6334651
4766895
4770973
6334400
4767435
4770950
6334611
6337718
4771581
6334402
4767323
4770994
6334703
4766966
4770793
6333965
6337884
4770698
6334860
4766196
4770483
6334383
4767997
4770575
6333960
4766835
4771560
6333573
6338077
4770996
6335057
4766551
4770527
4775028
6337700
4770091
4774691
6337544
4771517
6333735
6337978
4770782
6334362
4767138
4770210
6334315
4767036
4771500
6334115
4766310
4770734
6334054
6337411
4771375
6334105
4766843
4770207
6333381
4767193
4769884
6334027
4767037
4770985
6334091
6337773
4770608
6334324
4766615
4770227
4774285
6337780
4770536
4773958
6338203
4770831
6333754
6337963
4770501
6334222
4767036
4771148
6334357
6337806
4770876
6335110
4766662
4770804
6335087
6337628
4771098
6333796
4767272
4770333
4774138
6337492
4770323
4773962
6337324
4770605
4774045
6337492
4770824
4773892
6337818
4771040
4773898
6338311
4770335
4774180
6338257
4770958
6334331
6338471
4771826
6334535
4766438
4770065
6334256
6338037
4771408
6334983
4766418
4770756
6334026
4767162
4770413
4773694
6337810
4770557
6334788
4766962
4769996
6334503
6338130
4771375
6334171
4766167
4770454
6334082
4766544
4770347
6334132
4767166
4770135
6334435
4766786
4771147
6333510
6337542
4770976
6335257
4766930
4770734
6335353
6337813
4771185
6334827
4766750
4770235
4772577
6338365
4770296
4774346
6337377
4771134
4774437
6337310
4770207
4774207
6337474
4770537
4773615
6327340
4770226
4773830
6337512
4770848
6335133
6338482
4771585
6335626
4766966
4770720
6333796
6338402
4771205
6334491
4766114
4770931
4773431
6337903
4770658
6334080
6338844
4771270
6334627
4766447
4770155
4774130
6337070
4771186
4773792
6337257
4770454
4773718
6337807
4770185
4773552
6337855
4770344
4774348
6337224
4770092
4773844
6337363
4772465
6334280
6337803
4771280
6332387
4766354
4771116
6334007
6338413
4770100
6333712
4767146
4770644
6334691
6337722
4771026
6335152
4766867
4771375
4773432
6337433
4770751
6334341
6337936
4771118
6334218
4766742
4770551
6334942
4766371
4770274
4773995
6339005
4770440
4773388
6337422
4770755
6334456
6337475
4770978
6333831
4767522
4769952
6334075
4767693
4770493
4773745
6337863
4770286
4774238
6337203
4770634
4773710
6337280
4770395
4773420
6337486
4769803
6334378
4767196
4769930
6335095
6337305
4770817
6334877
4766467
4770542
6334424
4766312
4770953
6334754
6331541
4771331
6333935
4767072
4770736
6334376
4767007
4770688
6334673
4766522
4770960
6334271
6337786
4770182
6334035
4766831
4770567
6333703
4766624
4770182
6333736
4767300
4770274
4773936
6337762
4770018
4773763
6337607
4770610
4773678
6337166
4770473
4773468
6337364
4770625
4773727
6338261
4770375
6334171
6338020
4770593
6334436
4766361
4771080
6334092
6337863
4771275
6334465
4766957
4770993
6333927
6337795
4770874
6333963
4767348
4770801
6335337
4766533
4770127
6334506
4766893
4770516
6334415
6338063
4771492
6333611
4766558
4770235
4773724
6338296
4770462
4774650
6337366
4770354
4774201
6336956
4770666
4773493
6338353
4770132
4773062
6338102
4770258
4773913
6338245
4770166
4773691
6337888
4770406
6334181
6337827
4770481
6334612
4766524
4770925
6334005
6337131
4771092
6334303
4767483
4769957
4773231
6337850
4770642
4773894
6337396
4770148
4774512
6337008
4761793
4773365
6337487
4770011
4773591
6338231
4770487
4773557
6337752
4769817
4773607
6337856
4770748
4773728
6337652
4770554
4774533
6337684
4771171
4774417
6337258
4770838
4773822
6337687
4769956
4773704
6338230
4770773
4774238
6337534
4770107
4773836
6337232
4770851
6334405
6338052
4771092
6334428
4767351
4770373
4773314
6337880
4770520
6335842
6337390
4771684
6334860
4766638
4770592
6334524
6338254
4771375
6335071
4766497
4771365
6333894
6338441
4770966
6334083
4768436
4771005
6334565
6337983
4770632
6334516
4766342
4770906
4773606
6337224
4770542
4773088
6337951
4770106
4773380
6337343
4770787
6334983
6337972
4770816
6334994
4766632
4770311
4773686
6337024
4770716
4773833
6337266
4770846
4773765
6337848
4769771
4773664
6339116
4770444
4773686
6337452
4769952
4773994
6338175
4771720
4773363
6337096
4770572
4773318
6337920
4770431
4773664
6337883
4770817
4773787
6337762
4769986
4773807
6331008
4763843
4773937
6337030
4771051
4773574
6337230
4770507
6333714
6338584
4771148
6334014
4767957
4770347
6334433
6338311
4770986
6335301
4766181
4771217
6334108
6337833
4771247
6334123
4767601
4770818
6334135
6338261
4770771
6335065
4766036
4770134
6334558
4767172
4770956
6334536
4766181
4771123
6334146
4766764
4770003
6334854
6338047
4771178
6334194
4767120
4770712
6334550
4766323
4770724
4773530
6337105
4771370
4773924
6337104
4770295
4773438
6337423
4770282
4773791
6338086
4770734
4774646
6337275
4770705
4774014
6338102
4770894
4774011
6337614
4770913
4773170
6338398
4772211
4773491
6337750
4770523
6334007
6337805
4770547
6334690
4767083
4770393
6334444
4766553
4770597
4773611
6337704
4770683
4773584
6338463
4770553
6334023
6338853
4770545
6334007
4767140
4770584
4773601
6338960
4770788
4774047
6337357
4770942
4773784
6337706
4771284
4773692
6338437
4770175
4774260
6337494
4770124
4774560
6337441
4770777
4773853
6337128
4770527
4773661
6337923
4770102
4774192
6338184
4769961
4773321
6337696
4770213
4774025
6337617
4770628
4773825
6338565
4770495
4773518
6337382
4770607
6334092
4766902
4771856
4773847
6337601
4770161
4774062
6337095
4770554
4774314
6337560
4770956
6333837
6337532
4771084
6334130
4769901
4770080
4773943
6337948
4770442
4773932
6337877
4770657
4773612
6337223
4770562
4774030
6337364
4770516
4773788
6337461
4770390
4773821
6338315
4770410
4773613
6337257
4770576
6334630
6337088
4770562
6335070
4766351
4770381
4773681
6338111
4770454
6333995
6344003
4770698
6333814
4766580
4770353
4774448
6337507
4771300
4773713
6337266
4770342
6334130
6337832
4771174
6333860
4767051
4770298
6333824
6338696
4770425
6333756
4766944
4770761
6334806
4766208
4770590
6333712
6337304
4771006
6333734
4766837
4770514
6333861
6339406
4770598
6334387
4766883
4769922
4767768
6337296
4770823
4773618
6337451
4770468
4774242
6337577
4770478
4774372
6337972
4770067
4773466
6337870
4770603
4773391
6338073
4770707
4774552
6336922
4770147
4773845
6338045
4770816
6334407
4766748
4771225
6334548
6338385
4770476
6334620
4766692
4770924
6334782
6338366
4771987
6334343
4767025
4770441
6333926
6337902
4771418
6335642
4766688
4770734
4773667
6337690
4770145
4774682
6338096
4770616
4774141
6337931
4769647
4773881
6337310
4770732
4773414
6337844
4770874
6334454
6338347
4770867
6333915
4767254
4770307
4773941
6337436
4770162
4773966
6337034
4770560
4773812
6337618
4770295
4774967
6337567
4770415
4773535
6337342
4770424
6327806
6338568
4771108
6334516
4766223
4769958
6334030
6337595
4771462
6334203
4766274
4770497
6334034
6338075
4770732
6333887
4767034
4770412
6334320
4766083
4770517
4774334
6337672
4771297
4773538
6337526
4770884
4773818
6337821
4770090
4773687
6338242
4770371
4773490
6337771
4770263
6334265
4767023
4770308
4773887
6337500
4770954
4773277
6337445
4770672
6334243
6337926
4770678
6335007
4766998
4770132
6334928
4766545
4770250
4774012
6337480
4770610
4773413
6337746
4770405
4774066
6337997
4770093
4773617
6337697
4770388
4773973
6336874
4770387
4773591
6337382
4770863
4773105
6337715
4772130
6334560
6338353
4770873
6335346
4766688
4770082
6334701
4767138
4770867
6334103
4766757
4770928
6334857
6339094
4770901
6334197
4766661
4770401
4773298
6337848
4770228
6333908
6337906
4770670
6335384
4766136
4770076
6334281
4767358
4773010
6334056
6337730
4771294
6333941
4769081
4770052
4774037
6337857
4770932
4773991
6338228
4770551
4774235
6337517
4770588
4774277
6338435
4770903
4773677
6337713
4770450
4774390
6338258
4770904
4773744
6337948
4770907
6334100
6337963
4770795
6334800
4766403
4770972
6333745
6338282
4770923
6334107
4766986
4770457
6333941
6338297
4770828
6334221
4766272
4770623
6335266
4767036
4770285
4774212
6337328
4770393
4773864
6337796
4770712
4773376
6337971
4770726
4773836
6337728
4770058
4773800
6337391
4770134
4774590
6337398
4770250
4774392
6337092
4771006
6333755
6338718
4770823
6334286
4767415
4769791
4773661
6337431
4770541
4755292
4766812
4770266
4773938
6337822
4770831
4773934
6337520
4771072
4773338
6337806
4770508
4773174
6337674
4770300
4774446
6337201
4770292
4774381
6337052
4770892
4773077
6337448
4770738
6334247
4767428
4770281
6333908
6338231
4770416
6334353
4767488
4771104
6334435
4766890
4770571
6333721
6337846
4771010
6333892
4766945
4770755
6333794
6338555
4770826
6333550
4766785
4770434
6334982
4766077
4770736
6334415
4766914
4770714
4773462
6337502
4771366
4773484
6338782
4770098
4773941
6337752
4770572
4774205
6337745
4771354
4773831
6337850
4770566
4773186
6337526
4770532
4774254
6337526
4770008
4773576
6338274
4769772
4773531
6338047
4770362
4773720
4766713
4769823
4773494
6337012
4770275
4773218
6337644
4770393
4773615
6337633
4770524
6333793
6338631
4770904
6334462
4766005
4770881
4774425
6337953
4770736
4773682
6337397
4771128
4774210
6338128
4770372
4773768
6338095
4770902
4773593
6338231
4769982
4774033
6337431
4770162
4773651
6337561
4770606
4773798
6337205
4771251
6334480
6338142
4770731
6334057
4767511
4770663
4774440
6337258
4770762
4774816
6338110
4770763
4773360
6337377
4770572
4773550
6337800
4770123
4773400
6338044
4770914
4773840
6337453
4770466
4773945
6336995
4772414
4773667
6337291
4770454
4773692
6337646
4770744
4773315
6338184
4770411
6334060
4767392
4770185
4774006
6337264
4770926
4773652
6337496
4770967
4773614
6337034
4770461
4773442
6337575
4770040
4774136
6337971
4770104
4773648
6338017
4770941
4773778
6337212
4771120
4773857
6337295
4770204
4773978
6337382
4770630
4773727
6338320
4770533
4774852
6337872
4770816
4774085
6337322
4769698
4774265
6337564
4770571
4773026
6337775
4770937
6334075
6337383
4771973
6333907
4767146
4770126
6335124
4766658
4769937
6334197
4767088
4771228
6334122
6337777
4771194
6334362
4766785
4770296
4773667
6337991
4770327
6333837
6337802
4770520
6334546
4766248
4770925
6334528
4767636
4771105
4773796
6337677
4771193
4773332
6337598
4770181
4773738
6338017
4770213
4774456
6337893
4770545
4774971
6337224
4770472
4774031
6337563
4770634
6334125
6338285
4770958
6334016
4767164
4770670
6334182
6337995
4771090
6335234
4767383
4770060
4774062
6337898
4770508
4773563
6337222
4770706
6333797
6338733
4772490
6334700
4766633
4770656
6334188
6338267
4771060
6334426
4766705
4770874
4773904
6337157
4770815
4773520
6340556
4770101
4773673
6338058
4770432
4774425
6337313
4770556
4773936
6338393
4770356
4773693
6337361
4770768
4773246
6337768
4770558
4774125
6337504
4770341
4773487
6338131
4769991
4773687
6337691
4770642
4774908
6337662
4770613
4773360
6336636
4770314
4773398
6338111
4769683
4773207
6337946
4770972
6334391
6337511
4771072
6334287
4766191
4770517
4773603
6337512
4770320
4773856
6337353
4770194
4773970
6337416
4770125
4773692
6337721
4770247
6334415
4767023
4770166
4774571
6336920
4770940
4773200
6337557
4770597
4773962
6338632
4770642
4773182
6337824
4770631
6334393
6338062
4770914
6334614
4766387
4770470
6334628
4766456
4770971
6333935
4750320
4769873
6333633
6338718
4770574
6334213
4766735
4770297
6334621
4766474
4771025
6335131
6337748
4770727
6334158
4767128
4771135
6333574
4767615
4770275
4773412
6337925
4769884
4773758
6337525
4771494
6334662
4766396
4770858
6333893
6337045
4771713
6334628
4766940
4769742
6335156
4767730
4769838
6337001
6340314
4770657
6334604
4766285
4772633
6334225
4766807
4770843
6332305
6337766
4770704
6334031
4767298
4770546
6333781
6337641
4771221
6335156
4766290
4771326
4774376
6337317
4770248
4773252
6337234
4770962
6333961
6338090
4770818
6333942
4766828
4769753
6334278
6339066
4771062
6335222
4766632
4771301
6334065
4767045
4771767
6334287
4766905
4771204
6334871
4767873
4771242
6334586
4767881
4771312
6334542
4767056
4770851
6334728
4766927
4771423
6334757
4767091
4770707
6334512
4767203
4770147
4773492
6337867
4770447
4774385
6338304
4770314
4773997
6337217
4770842
4773354
6337411
4771288
4773392
6338282
4770262
4773786
6337682
4770484
4773473
6337510
4770515
4773876
6337851
4770423
4774042
6337243
4771141
6333878
6337490
4770651
6334043
4766674
4770100
4773987
6338194
4770607
4773818
6337801
4770154
4774160
6337088
4770455
4773863
6338230
4771274
4773595
6337896
4770725
4773514
6338075
4770060
4775104
6337833
4771045
4773846
6337720
4770045
4773426
6337624
4770744
4773098
6337278
4770536
4773551
6337966
4770821
6333991
6338824
4770505
6334508
4766730
4769926
6334495
4766865
4771160
6334494
6337402
4771206
6334284
4767380
4770328
4774187
6337642
4771006
4774458
6337692
4770202
4774127
6336855
4769902
4773545
6338637
4770221
4773685
6337720
4770447
4773210
6338170
4771057
4767430
6337976
4770192
4773906
6337281
4770391
4773825
6337363
4770971
4773724
6337404
4770906
4774143
6337543
4771400
4773461
6337940
4769726
4773961
6337126
4770226
4774070
6336823
4770851
4774001
6338754
4770008
4773770
6337402
4770298
4773612
6337787
4770683
4773960
6337723
4770556
4774428
6337397
4770246
4774418
6337798
4770943
4773580
6337362
4770700
4773505
6337918
4770392
4773423
6337545
4770797
4774310
6337775
4770450
4774066
6337298
4771106
4773714
6337245
4771091
4773472
4766357
4769667
4773090
6337534
4770090
4774920
6338015
4769844
4773895
6335476
4770328
4774528
6337913
4771126
4773442
6337425
4770986
4773541
6337817
4770131
4774086
6338442
4770763
4774327
6337315
4770123
4774215
6336992
4770545
4773352
6337557
4770141
4773312
6338073
4771166
6334254
6338921
4770508
6334634
4766858
4769871
6334680
6338056
4770938
6334448
4767368
4771457
6334307
4766228
4770483
6334097
6338583
4770921
6334667
4767053
4770677
6333912
6337913
4771672
6334502
4766304
4771711
6335091
4766688
4771225
6334552
4767544
4770960
6334322
4767570
4770923
6334466
4766386
4771001
4773924
6337258
4770107
4773677
6337431
4770494
4773567
6337875
4770383
4773404
6337864
4770453
4773666
6337901
4770193
4773930
6337614
4770477
4773680
6337561
4770807
4773477
6337147
4770656
4774301
6337660
4769753
4773748
6338116
4770403
4774213
6338141
4770295
4773874
6337192
4771003
4773401
6337708
4771754
4773457
6338016
4770214
4773068
6337748
4770857
6334163
6337991
4771195
6335175
4766910
4770282
4774028
6336957
4770725
4774130
6337510
4770908
4775063
6338231
4770446
4773776
6337268
4770610
4773771
6337034
4770123
4774693
6337448
4770846
4774092
6338042
4770702
4773793
6338056
4770435
4773121
6338311
4770630
6334344
6337636
4771147
6334460
4766544
4769935
6334427
6337474
4771401
6334381
4766613
4770768
6334444
6338580
4770975
6333765
4767388
4770525
6334583
4767174
4770392
4773898
6337325
4770934
4773464
6336992
4771527
4773343
6337961
4770243
4774143
6337308
4770055
4776992
6337434
4770292
4774608
6337698
4771013
4773101
6337035
4770996
6334566
6337524
4770706
6333863
4767303
4769665
6334152
4767057
4770492
6334271
4766558
4770282
4773983
6337502
4770603
4773405
6337591
4770340
4773717
6337764
4769890
4773620
6337711
4769921
4774500
6336996
4770192
4773945
6337973
4770527
4773598
6338634
4770845
4773326
6339377
4770383
4773450
6338164
4770312
4773388
6338060
4770516
4774273
6337473
4770158
4774188
6337444
4770856
4773890
6337802
4770614
4773931
6337813
4770516
4773496
6337737
4770106
4774635
6337286
4770264
4773828
6337477
4770687
4773615
6337713
4770291
4773447
6337830
4770127
4773615
6338034
4771323
4774071
6337650
4770147
4773716
6337626
4770117
4775317
6337367
4770498
4773105
6337076
4770497
4773167
6337483
4770124
4773964
6337880
4770525
6334543
4766657
4771136
6334317
4766633
4771282
6334134
6338037
4770852
6334425
4767828
4769970
6334133
4767088
4773028
6335152
4766743
4770762
6334675
4766585
4770701
6334268
4766927
4770237
4773243
6337515
4770987
6333913
6338423
4770958
6334741
4766562
4770324
4773791
6336857
4770623
4773295
6337510
4771118
4773853
6337496
4770978
4773545
6337440
4770106
4773832
6338268
4770951
4774490
6337781
4770631
4774518
6337580
4770442
4774638
6337361
4770615
4773831
6339716
4770536
6334191
6338516
4771141
6333766
4767114
4770318
6334652
6337826
4771203
6334440
4766770
4770802
6334448
4766971
4771316
6334081
4767023
4770658
6333596
6338143
4771153
6335067
4766774
4770301
4773938
6337377
4770570
4773565
6337327
4770741
4773384
6338041
4770094
4773873
6338520
4769890
4773777
6337363
4770816
4773826
6337518
4770904
4773912
6337392
4770403
4774002
6337115
4770767
4774777
6337686
4770192
4773647
6337767
4770008
4773984
6337870
4770334
4774264
6337717
4771313
4773801
6337028
4770623
4773562
6337273
4769878
4774316
6337777
4770685
6333715
6337981
4770855
6334216
4766526
4772057
6333928
4766532
4770983
6334080
6337925
4771051
6335647
4767076
4770148
6333800
6338182
4771320
6334298
4767580
4770975
6334805
4766500
4770981
6334384
4766514
4770291
4773762
6337876
4770952
4773793
6337821
4770547
4774495
6337136
4770184
4774685
6337598
4769984
4773467
6337612
4771302
4774220
6337345
4770145
4774485
6337865
4770322
6333883
6338251
4771017
6334492
4766307
4770546
6333875
4766494
4770635
4773518
6337250
4772346
4773732
6337704
4770360
6333764
6337705
4770711
6334684
4766824
4770442
6334363
6337746
4771253
6333646
4767314
4771058
6334118
4768811
4770544
6334236
6338663
4770771
6334054
4767004
4770824
6334078
6338002
4770365
6334097
4767233
4770807
6334074
4766113
4771961
6334074
6337711
4770388
6334172
4767452
4770643
6335593
4767360
4770850
6334475
4767113
4771618
6334715
4767305
4771017
6333802
4771811
4771710
6334406
4767903
4771002
6334687
4767217
4770363
4773917
6337191
4770338
4773951
6337164
4770600
4773424
6337182
4771281
4773758
4766301
4770345
4774322
6337700
4770232
4774666
6337342
4770265
4774107
6337154
4770873
4773622
6337372
4770502
4773602
6337687
4770114
4774055
6337980
4770782
6333991
6338074
4771034
6334602
4766516
4770293
4773482
6337098
4771251
4773733
6337263
4770913
4773953
6337814
4770475
4773182
6338105
4770387
4775080
6337106
4770775
4774135
6337546
4770361
4773803
6338762
4770676
4773558
6338391
4770177
4773597
6337973
4771523
6334051
6337265
4770578
6334793
4766722
4770391
6333468
4766944
4770626
6334158
6337833
4770764
6334223
4766900
4770116
4773587
6337407
4770738
4774577
6337571
4770238
4773951
6337751
4770754
4773586
6337940
4770206
4773280
6337938
4771222
4773362
6338024
4771605
4773824
6337598
4770501
6334605
6337433
4770984
6335134
4766470
4770668
4773391
6337617
4769898
4773870
6339290
4770174
4773613
6338680
4770402
4773826
6337674
4771622
6335133
6337836
4754698
4763488
4767591
4771597
6335280
4767740
4771045
6334444
4767335
4771697
6335591
4767498
4771311
6335521
4768421
4771675
6335220
4768236
4771865
6334640
4768534
4771304
6335211
4769676
4771137
6335176
4767713
4771074
6335278
4768353
4771564
6335680
4768431
4772717
6335588
4768392
4772686
6335896
4768524
4772217
6335973
4768773
4772012
6336605
4768897
4771657
6335740
4768516
4772244
6335635
4767937
4772261
6335877
4768664
4771171
6335315
4769508
4771764
6335921
4768382
4772204
6335826
4768481
4774197
6335852
4768634
4770450
6333408
4768105
4772124
6335120
4768601
4771904
6335418
4767865
4771270
6336008
4767662
4760650
4764643
4768605
4772633
6336036
4768284
4772232
6335614
4768356
4771982
6335411
4768513
4771713
6335537
4768728
4771605
6335923
4767347
4772418
6334936
4767084
4771261
6334954
4766928
4771075
6334482
4767998
4770658
6334212
4767236
4771244
6334907
4767844
4770497
6335014
4767242
4771200
6334623
4767188
4771316
6334177
4767468
4770933
6334967
4767873
4770893
6334867
4767188
4771348
6334830
4766483
4771087
6333696
4766690
4771055
6334404
6340160
4770622
6334181
4766547
4770544
6333735
4766241
4769863
6334897
4767161
4769918
6334296
6337336
4771176
6334002
4766921
4770790
6333908
6337985
4770521
6334287
4767400
4769950
6334091
6337692
4770132
6334345
4765996
4770613
4773998
6337768
4770656
4773497
6337845
4770644
4773007
6337301
4769962
4773356
6337385
4769968
4773975
6337604
4770018
4773570
6337701
4770763
6334090
6337407
4771213
6334283
4766962
4770250
4773216
6338151
4770476
6334991
6338046
4771123
6334856
4766523
4770857
6334310
6337524
4771061
6334647
4767497
4771312
6334192
4767461
4771303
6334498
4766986
4770866
6334651
4767928
4770542
6334568
4767014
4770646
6334161
6337558
4771375
6334144
4766925
4770522
6334192
4766685
4770347
6335018
6338228
4770871
6334696
4766692
4770575
4773724
6337293
4770493
4773648
6337746
4770326
4773831
6337907
4771255
4774110
6337726
4769914
4774105
6337297
4771096
4773588
6337606
4770336
4773991
6337081
4770418
4773504
6337731
4770391
4773821
6337413
4769980
4773852
6338170
4770130
4774170
6337384
4771132
4773754
6338367
4770975
4773497
6337461
4770526
6334193
6338610
4771688
6334495
4766276
4770368
6334115
6337536
4771138
6334308
4766210
4770761
6333954
6338156
4770755
6333854
4767175
4770693
6333678
6337895
4770990
6334445
4766526
4771183
6334644
6337684
4770886
6334112
4767491
4770367
4774012
6338103
4770315
4773760
6337706
4770594
4774284
6337468
4770402
4774096
6337512
4771217
4774371
6337672
4770933
4773525
6337334
4770562
4774143
6338234
4769723
4774068
6338345
4770560
4773841
6337497
4772498
4773412
6337661
4770437
4773964
6337911
4770106
6333986
6338822
4770575
6333792
4767600
4771076
6334704
4766411
4770064
6334520
4766935
4770912
6334990
4766971
4770876
6333365
6338023
4770870
6334081
4768074
4771426
6334752
4766612
4770384
4774206
6337508
4770764
4773927
6337401
4770627
4773892
6337378
4770382
4773606
6337652
4770180
4773940
6337612
4770774
4773376
6337874
4769797
4773898
6337183
4770702
4773280
6337643
4771183
4773936
6337938
4770216
4773851
6338573
4770511
4774398
6337770
4770757
4774064
6337996
4771267
4773671
6337986
4770581
4773587
6338031
4770550
4773380
6337862
4771391
4773890
6338212
4770557
4773854
6337194
4770606
4774420
6337470
4770560
4774164
6338220
4770542
4774047
6337636
4770382
4773405
6337856
4770406
4774077
6337201
4771394
4773891
6337696
4771323
4773727
6337428
4770533
4773428
6337836
4770248
4774278
6338186
4769888
4773671
6337786
4770427
4773748
6338220
4770223
4773948
6337528
4770783
4773675
6337266
4770267
4773274
6337847
4769992
4773350
6337687
4771178
4774572
6336970
4769938
4774624
6337340
4770656
4773263
6337763
4770212
4773957
6337950
4770498
4774815
6337606
4770266
4774186
6337841
4770455
4773777
6338251
4770165
4773744
6337067
4770873
4773736
6337316
4770634
4773928
6337644
4770287
4773464
6337525
4770397
4775582
6337424
4770271
4774004
6337767
4770452
4773214
6337227
4770840
4772895
6337680
4770455
4773310
6337482
4769615
4773950
6337440
4770785
4773972
6337507
4775573
4774316
6337155
4771188
6334076
6338055
4771233
6334056
4766860
4770786
6334102
6338246
4770931
6335456
4766800
4770747
6334898
6338441
4771325
6334668
4766606
4770825
6334432
6338081
4770563
6334353
4766791
4770847
6334451
4766552
4769672
6334006
6337772
4771507
6334380
4766877
4771615
6334254
4766985
4769807
6333714
6338170
4771356
6336956
4766676
4771037
6335711
4766600
4770793
6334488
6337611
4771447
6334391
4766841
4771054
6334556
6338085
4770678
6333672
4766670
4770793
6334173
4766873
4770450
6334468
6338035
4770850
6334406
4766810
4770435
4773642
6337911
4769984
6333586
4766878
4770627
6334266
6337607
4770816
6334534
4766502
4770898
6333756
6338196
4770437
6332884
4767602
4771222
6333653
4767543
4770693
6334028
4766314
4771908
6334386
4766472
4770316
4774212
6337616
4770750
4774820
6337257
4770376
4773966
6337527
4770753
4773487
6339264
4770415
4774247
6337321
4770423
4774065
6337148
4770482
4773695
6337546
4770232
4773727
6337034
4770285
4773713
6337870
4770528
4773570
6338040
4770657
4773858
6337397
4770473
6334425
6337603
4770847
6334031
4766101
4770727
6333510
4766770
4770233
4773566
6339241
4770527
4773904
6337241
4770420
4773693
6337446
4770493
4773394
6337150
4771048
4774116
6336672
4770382
4774283
6337512
4770795
4773368
6337900
4770705
4773420
6337446
4770647
6334483
6337715
4770748
6334838
4766477
4771135
4773361
6337793
4771048
4773491
6339063
4770510
4774084
6337872
4769966
4773856
6336947
4771116
4773332
6336655
4770371
4773160
6337651
4770380
6334323
4766510
4770321
6334706
4766621
4770253
4773845
6337553
4770370
4774375
6337168
4770950
4773636
6337121
4770834
4773514
6337880
4770244
4773854
6338887
4770827
4774056
6337195
4770290
4773984
6337420
4771340
4773594
6337786
4770452
4773901
6338175
4770737
4774502
6337935
4770033
4774097
6337284
4770091
4774078
6338224
4769946
4774064
6337786
4770577
6333865
4766551
4770982
6333848
6338536
4770923
6334123
4767131
4770843
6334668
4766938
4770472
6334686
4767014
4771126
6334290
6337716
4771094
6333732
4766583
4769983
4774212
6337912
4770526
4773928
6337743
4770635
4774010
6338337
4771111
4772877
6337231
4770995
4766747
6332366
4771516
4774701
6339184
4770387
4773784
6338101
4770514
4774113
6337418
4770418
4773904
6337393
4771036
6333838
6337466
4770955
6334373
4766497
4770632
6333720
6338057
4770735
6334701
4766575
4770660
6334435
6338748
4770882
6334218
4766391
4770727
6334433
6338542
4771438
6334514
4767376
4770890
4782975
6337544
4770364
4775687
6337285
4770667
4774183
6337904
4770336
4773542
6338754
4771187
4773261
6338073
4770782
4773898
6337773
4770342
4773971
6338308
4770516
4774488
6338133
4770853
4773240
6337262
4770345
6333856
6338076
4772396
6334258
4767447
4771328
6333470
6337412
4770770
6334798
4766393
4770381
4773781
6336552
4771316
6334625
6337696
4771247
6334577
4767026
4770811
6334524
4767044
4770642
6334453
6338158
4770857
6334064
4766215
4771067
6334552
6337804
4770998
6334397
4767371
4770664
6334123
6338418
4770781
6334625
4766148
4770536
6334660
4767026
4770423
4773686
6337867
4770535
4773736
6338398
4770541
4773626
6337993
4770207
4773874
6338782
4770572
4774278
6337332
4770963
4774023
6337536
4770744
6333986
6337928
4771647
6334251
4767222
4770508
6334183
6338220
4770716
6334285
4766642
4770243
6335362
6337991
4770866
6334073
4766814
4770805
4773466
6337943
4769931
4773882
6338020
4770173
4773571
6337842
4771121
4774026
6337492
4769887
4773978
6337562
4771185
4775807
6337253
4770706
4773617
6337652
4770552
4774126
6337940
4770174
4773594
6337742
4770374
6334365
6337496
4771706
6334352
4766994
4770894
6334540
4766638
4770287
6333645
4767217
4770583
6333768
6337897
4771287
6334713
4766712
4769931
6334772
6337846
4771212
6334654
4767166
4770561
6333698
6338181
4770928
6333497
4768097
4770432
6334962
4766616
4769861
6334045
4766978
4772246
4773418
6336688
4770988
4773125
6337790
4770053
4773800
6337841
4770735
4773794
6337268
4770425
4773670
6336870
4770282
4773466
6337767
4770433
4773585
6337503
4770558
4773074
6337498
4770342
4773447
6339198
4770732
4773738
6337575
4770441
4773647
6337347
4771204
4773477
6337494
4770263
4773505
6338493
4770203
4773707
6338244
4770873
6334343
6337693
4770607
6334492
4766526
4770607
4773898
6338435
4770711
4773703
6339486
4770660
4773963
6338351
4770426
4774186
6321221
4770343
4774340
6337237
4770288
4773838
6338183
4770704
4774063
6337621
4770840
4773485
6338014
4770537
6334918
6338177
4770432
6334657
4766608
4769937
6334286
6338355
4771267
6333907
4766502
4770845
6334197
6340643
4770782
6333843
4766893
4770684
6334376
6338083
4770014
6334093
4766420
4764230
6334161
6338448
4770794
6334011
4766946
4770977
6334234
4766818
4770180
6334035
6338141
4770757
6334705
4766236
4770465
4773867
6337746
4770987
4774011
6337172
4770406
4773472
6337765
4770407
4773580
6337990
4769680
4773842
6337107
4769962
6334052
6337220
4771064
6334061
4766814
4770394
6333891
6337644
4770955
6333802
4767283
4770248
4773666
6337925
4770477
4774187
6337542
4770208
4774261
6337624
4770498
4773793
6337763
4770452
4773417
6337707
4772036
4773234
6337686
4770858
4774366
6337600
4770838
6334247
6337247
4770620
6334131
4766770
4770111
6333616
6337741
4771340
6334693
4766671
4770385
4773790
6337592
4769895
6334167
6337868
4771357
6334706
4766831
4770496
6333688
6337330
4770937
6334037
4766818
4760116
4763375
4766950
4770135
6334578
6337852
4770337
6335397
6337346
4771060
6334453
6337028
4770550
6334170
6338192
4769593
6333770
6338134
4771048
6334071
6337600
4770853
6334884
6337612
4770480
6334813
6337361
4770787
6333831
6337412
4770401
6333820
6338431
4770155
6334561
6338740
4770147
6334962
6337874
4770116
6335147
6338211
4771141
6334325
6337452
4771032
6334353
6338473
4771271
6333836
6338896
4770204
6334173
6338003
4770954
6334783
6337620
4770756
6334966
6337702
4771340
6336655
6337632
4770900
6334177
6337862
4770284
6333954
6337856
4770102
4774256
6337240
4769985
4774005
6337184
4770511
4773602
6337620
4770384
4773530
6338670
4770097
4773597
6337072
4770078
4773525
6336906
4770371
4773943
6336994
4771663
4773402
6336726
4751157
4763860
4766131
4769921
4773283
6337022
4768984
4772975
6339067
4769956
4774283
6337224
4770564
4773588
6336417
4770025
4773357
6337071
4770280
4773633
6336826
4769585
4773705
6337540
4770020
4773765
6336954
4770011
4773770
6336841
4770481
4772894
6337418
4770522
4774064
6337228
4769955
4774044
6337571
4770397
4773884
6338263
4769751
4774114
6337747
4770233
4773567
6337006
4770944
4773410
6337521
4770420
4773165
6337717
4769996
4773722
6337945
4771126
4773973
6337138
4770773
6334738
6337605
4770951
6334651
4767592
4770298
4773726
6338745
4770465
4773094
6338268
4771072
4774120
6337543
4770638
4773846
6337765
4770625
4773882
6338266
4771897
4773881
6337348
4770737
4773924
6337223
4770321
4774516
6338403
4770193
4774044
6336985
4770463
4774005
6337323
4770492
4773667
6337276
4770514
4773203
6338265
4769953
4773151
6338736
4770332
4773372
6337563
4770197
4773703
6336903
4770318
4773895
6337322
4771194
4773522
6336917
4770708
4773044
6338413
4770737
6335045
6338158
4770930
6334480
4766833
4770155
4773992
6338825
4770820
4773675
6337528
4770335
4773561
6338114
4770002
4775264
6337586
4770506
4773664
6337423
4770605
4773964
6337697
4771698
6334262
6337724
4770918
6333631
4766205
4771192
6334547
4767081
4770171
4773861
6338612
4770624
4773847
6337555
4770462
4774163
6338026
4770554
4773652
6337277
4771385
4773843
6337601
4770544
4773987
6337672
4770340
4773761
6337743
4770175
4773986
6338122
4770415
4773587
6337516
4771350
6333691
6337624
4770588
6334326
4766934
4770155
4773888
6338173
4770545
4774505
6338216
4770261
4773744
6337017
4770888
4773522
6337131
4770790
4774024
6338386
4770891
4773393
6338250
4770568
4774038
6337168
4770545
4774158
6337404
4770510
4773811
6337745
4770191
4773562
6338012
4770502
4773511
6338382
4770878
4773615
6337743
4770832
6334896
6337764
4770316
6334060
4767471
4770642
4773388
6332165
4771053
6334032
6337930
4770543
6334612
4766875
4770130
4773878
6337728
4770417
4774713
6337483
4770435
4773407
6337034
4770251
4773970
6339544
4770428
4773674
6337522
4770758
4773611
6337610
4770117
4773843
6337615
4772407
4773448
6337436
4771341
4773531
6337068
4770343
4773500
6337594
4770161
4773832
6337795
4770681
4774121
6337731
4770598
4774531
6337033
4770946
4773496
6337533
4770805
4773771
6337635
4770513
4773526
6337937
4770337
4774425
6337100
4770774
4773718
6338520
4770914
4773676
6337643
4770746
4774438
6337517
4770571
4773543
6337688
4770531
4773603
6337961
4770724
4774207
6337502
4770351
4773900
6337445
4771326
4773640
6338247
4771258
6333911
6338351
4770477
6334498
4766845
4770490
4774004
6338428
4771217
4773431
6336795
4770872
4773725
6336935
4771366
4774261
6337320
4769827
4773937
6337996
4770531
4772933
6337627
4770797
4773700
6337032
4770476
4773750
6337541
4770172
4773491
6337498
4770544
4772936
6337326
4770828
4773575
6338190
4770277
4773924
6337343
4770153
4774044
6337264
4770521
4773396
6337028
4770446
6334847
6338438
4770551
6334020
4766616
4770438
6334350
6338895
4770792
6334652
4767072
4770557
4773910
6337881
4771447
4774001
6337333
4770957
6333823
6338142
4771055
6334512
4766540
4770103
4774320
6337454
4770343
4774460
6337985
4770251
4773497
6337652
4770538
6333618
6338266
4770854
6334384
4766821
4770352
4773984
6338152
4770195
4773766
6337513
4770663
4773491
6337592
4771798
4773460
6337256
4770493
4773423
6337715
4770355
4774002
6337407
4770520
4773878
6337514
4770985
4773598
6337306
4770810
4773594
6337096
4770573
4773943
6337912
4770432
4773538
6338278
4770607
4774016
6337863
4769701
4773577
6338005
4774865
4774214
6337902
4771263
4773712
6337774
4770292
4773483
6337883
4770605
4774245
6338095
4770357
4774055
6337441
4770003
4773756
6337174
4770930
4773432
6336754
4771306
4774136
6337360
4770236
4774301
6338430
4770027
4774554
6337661
4770701
4773791
6337205
4770604
4774160
6337512
4771001
4773804
6338773
4770084
4774123
6337943
4770443
4775665
6337692
4770163
4774110
6335318
4769988
4774132
6338605
4770284
4773532
6337263
4770942
4773488
6337654
4770684
4774196
6337607
4770498
4774233
6337302
4770135
4773555
6337340
4770233
4773611
6337727
4770786
4774022
6337728
4770715
6334071
6338000
4771072
6334327
4766200
4770594
4774336
6337615
4770266
4773888
6338387
4770670
4773876
6337401
4770022
4773511
6337720
4771570
6334428
6338423
4770715
6334627
4766298
4770765
6336205
4766732
4771024
6334230
6337863
4771662
6334203
4767600
4770126
4773430
6337540
4770802
6334490
6337336
4770856
6334415
4766285
4772858
6333923
6337486
4771138
6334544
4767560
4770443
4774007
6338080
4770053
4773477
6338323
4771064
6334523
6337772
4770894
6335397
4766251
4771450
6333852
6338627
4770864
6334206
4767664
4770451
6334287
6338885
4770825
6334976
4767007
4770744
6334520
4767461
4770877
4773574
6337070
4771202
4773152
6337742
4770228
4773797
6337807
4770581
4773537
6338144
4770440
4773821
6337384
4770134
4774271
6337390
4770842
4773710
6336948
4771016
4773433
6338880
4769893
4773358
6337851
4770478
4774070
6337271
4769920
4773722
6337341
4770430
4773717
6337328
4770501
4774168
6337854
4770284
4773991
6338051
4770004
4774316
6337307
4770303
4772920
6337825
4770664
6334613
6337690
4771176
6334440
4767464
4771001
6333564
6337843
4770612
6334413
4766902
4770470
6334265
6337802
4771897
6334924
4766592
4771263
4773741
6336956
4770190
4774282
6337964
4770261
4773825
6338304
4770755
4774061
6338875
4770462
4773844
6337694
4771078
4773843
6337451
4771273
6334744
6337868
4770866
6333962
4766845
4770290
6333814
6338093
4770945
6334493
4767243
4770468
6334395
6337885
4770912
6333844
4766702
4770552
4773882
6337918
4770288
4773567
6338044
4770418
6334081
6338164
4770901
6334202
4767061
4758637
6334691
4766887
4771591
6334268
4767117
4770591
6334742
4767241
4770645
6334366
4767641
4770492
6334251
4766571
4771243
6334576
4766488
4770700
6334402
4766924
4770506
6333333
6338028
4770666
6334098
4766913
4770654
6334388
4767160
4770911
6334973
6337885
4770683
6333535
4767470
4771172
6334473
4767124
4770560
4773528
6338113
4770244
4775835
6337241
4770700
4774223
6337713
4770174
4774180
6337526
4770597
4773111
6338423
4770340
4773548
6338301
4770325
4773515
6338265
4769974
4774205
4765540
4759133
4763080
4766571
4770162
6334240
6337237
4770560
4773421
6338094
4769745
4773128
6337264
4770101
4775392
6337524
4769904
4774105
6337095
4770241
4773727
6338031
4770117
4773938
6337266
4770036
4773783
6337798
4770527
4773671
6337275
4770125
4774155
6336927
4769292
4774110
6337288
4770584
4773038
6336562
4769654
4773026
6336790
4769215
4772870
6336464
4768863
4773347
6336305
4768845
4772813
6336658
4769054
4772637
6337436
4769571
4772630
6336837
4769542
4772640
6336347
4768615
4772792
6337307
4769274
4773291
6336603
4769017
4772953
6336233
4769285
4772516
6336171
4769400
4772508
6337711
4768754
4772963
6336864
4769100
4772848
6336500
4769325
4772725
6335544
4769752
4772573
6335991
4768683
4772287
6335456
4768672
4771917
6336336
4768915
4771585
6335038
4767573
4771585
6334963
4767811
4772911
6335028
4767783
4771028
6334686
4768135
4771018
6335285
4766867
4770712
6335292
4767248
4771837
6334097
4768398
4770945
6333815
4767338
4770626
6334450
4767377
4770275
6334458
6337815
4771155
6334463
4767325
4771505
6334362
4767030
4770787
6333694
6337712
4771352
6334077
4766988
4770172
4774175
6337895
4770404
4774498
6337101
4770596
4773864
6337708
4770446
4774267
6337496
4770911
4773737
6337512
4770205
6334437
6338264
4771695
6335097
4766617
4770492
4773894
6336898
4770344
4773752
6337300
4770438
4774025
6337615
4770380
4773734
6337698
4770334
4773378
6337621
4770380
4774376
6337397
4770455
4774014
6337545
4770578
4773587
6338526
4770233
4773436
6337210
4770860
4774530
6337805
4770285
4774033
6337421
4770171
4774123
6337464
4771067
4775658
6337582
4771213
4773801
6337458
4769602
4773877
6337942
4769997
4775177
6337692
4770606
6334363
6335483
4770674
6335057
4766664
4770261
6334290
4767352
4770767
6335072
6338407
4770617
6334186
4767055
4771603
6334966
4766738
4770527
6334653
6338068
4771302
6335936
4766713
4770800
4773523
6338215
4770901
6334117
4767344
4771145
6337541
4766438
4770088
4774186
6337340
4770466
4773692
6337281
4770848
4773700
6337643
4770307
4773725
6337814
4770012
4773502
6337934
4770912
4773951
6338757
4770613
4773976
6337782
4770524
4775547
6337346
4771032
6334132
6338127
4770527
6334123
4766743
4770307
6334123
6338193
4770811
6334855
4766131
4774923
6333650
4766765
4770550
6333957
6337934
4771345
6333950
4767103
4769957
6333921
6338140
4771130
6334903
4766693
4770377
4774405
6337927
4771585
4774283
6337213
4770363
4773411
6337907
4770065
4773376
6338005
4769947
6334218
6337650
4770611
6334442
4766427
4771877
6333888
4766872
4770864
6333975
6338314
4770615
6334043
4767004
4770540
6334781
6338330
4770842
6334621
4767092
4770675
6334656
6338596
4771505
6333960
4766964
4770524
6334223
4766878
4770408
4773641
6338376
4770547
6334387
6338266
4771370
6334501
4766571
4772587
6333997
6337787
4770616
6334618
4767236
4770506
6335482
4767326
4770654
6333894
6337341
4770833
6334718
4766528
4770221
6334640
6337973
4770837
6333423
4766716
4770858
6333587
6337226
4770891
6334277
4766516
4770362
6334535
6337940
4770878
6334308
4766958
4771271
6333804
6337991
4771358
6333824
4766607
4770134
4774775
6337584
4770906
4774028
6337278
4770462
4774298
6338347
4770565
4773461
6337154
4770886
4773641
6337246
4770331
4774197
6337888
4770460
4773933
6338015
4770407
4773785
6337648
4770318
4773951
6338082
4770782
4773525
6337574
4770636
4773984
6337702
4771075
4773845
6338193
4770953
6334834
4766465
4770416
6334502
6338378
4770872
6334306
4766957
4771418
6334633
4768711
4773364
6335815
4766417
4770492
4773502
6338166
4769973
4774110
6337798
4770573
4774033
6337004
4770520
4773644
6337468
4770615
4773976
6337492
4770393
4773511
6338040
4770685
4774142
6337348
4770568
6334226
6337906
4771110
6334523
4766798
4770777
6333614
6338461
4771038
6334014
4766617
4770927
6336331
4766512
4770463
6335932
4766726
4770420
4774012
6338283
4770591
4773052
6338235
4771014
6333552
6337870
4770688
6334690
4766938
4770573
6334356
6338184
4770885
6334073
4765767
4770870
6334106
4766775
4770735
6334211
6338450
4770443
6334096
4767294
4770181
6335138
4765710
4770726
6335207
6337855
4770753
6334395
4766690
4771400
6334103
6339053
4770717
6334120
4767696
4770341
6333347
6338573
4770737
6317575
4767198
4770253
4773747
6337165
4770532
4773757
6337065
4770282
4773561
6337771
4770822
4773926
6338012
4770130
4774074
6336473
4770388
4773866
6338040
4770477
4773848
6337044
4770961
4773352
6337585
4769984
4774290
6337332
4770422
4773642
6338261
4770463
4774302
6337344
4770592
4773792
6337643
4771077
6334421
6337094
4770964
6333914
4767137
4769886
6333753
6338556
4770887
6334286
4766966
4770504
4773992
6337501
4769925
4773702
6337842
4770488
4774195
6337906
4770408
4773182
6337866
4770571
4774187
6337926
4770798
4774070
6337563
4770156
4774384
6336905
4769997
4774573
6337955
4769894
4773445
6337656
4770076
4773586
6338606
4770648
4774017
6337145
4769730
4774137
6337465
4771422
4773595
6337808
4770766
4773765
6337863
4769870
4773702
6337757
4769807
4773963
6337836
4769961
4773728
6337101
4770182
4773270
6337405
4770821
4773504
6336826
4770748
4773435
6337753
4769886
4773582
6337728
4769982
4773897
6338110
4770793
6334781
6338068
4771955
6334364
4766687
4770951
4773682
6338111
4770858
4773862
6337880
4770222
4774817
6337708
4769936
4774230
6336941
4770674
4773895
6337903
4770843
4773295
6337484
4770424
4773787
6337808
4770470
4773567
6338046
4770787
4774316
6337536
4771104
6334962
6337453
4771117
6333691
4766568
4771058
6334004
4768011
4770194
4774491
6337813
4770174
4773748
6337757
4770318
4774117
6337761
4765972
4773895
6337547
4771087
4773478
6339245
4770081
4773270
6337525
4770512
4773711
6337600
4770978
6334403
6338122
4770904
6334434
4766107
4770615
6333431
6337962
4770971
6334383
4766824
4770191
4774910
6338491
4770061
4773750
6337262
4770965
4774100
6338221
4771240
4773744
6337345
4770388
4773926
6337826
4770395
4774101
6338008
4770278
6334020
6337867
4771053
6334804
4766444
4770312
6334403
6338135
4771456
6334235
4766672
4771300
4774117
6337777
4770323
4773907
6337737
4770073
4774233
6338055
4770036
4773558
6337580
4770854
4773305
6337956
4770848
6334338
6338793
4771524
6333828
4767243
4770678
6334595
4767001
4770737
6335438
6337777
4771087
6334478
4766393
4770962
6334241
4766803
4770800
4773694
6337604
4770421
4773904
6337800
4770265
4773757
6337060
4770142
6334648
6337538
4770993
6334415
4766722
4770753
6334383
6338253
4771548
6333688
4766752
4770683
6334378
4766738
4770450
4774782
6337353
4769907
4773660
6337633
4771185
4774542
6337928
4770673
4773793
6337995
4770013
4773450
6337384
4770487
4773894
6337611
4770282
6334663
4766226
4771123
6334077
4767025
4770463
6334180
4766470
4772342
4773698
6337652
4770614
4774851
6337186
4770144
4773902
6337303
4770514
4774364
6337625
4771372
4773348
6338024
4770582
4773946
6337700
4770410
4773985
6338355
4770542
4773860
6337733
4770931
6334197
6338087
4771055
6336163
4766536
4771613
4773827
6338536
4770538
6333866
4767264
4770710
6334305
6337832
4770830
6334933
4766915
4770613
6334202
4767103
4770296
4773841
6338560
4771134
4773546
6337826
4770305
4773784
6336886
4770694
6334062
6338000
4770447
6334456
4766823
4770582
6333353
6337851
4771407
6334356
4766378
4770587
6334112
4767354
4770257
6334737
4766637
4770723
6334272
6338057
4771395
6334385
4766445
4770593
4773640
6337874
4770455
6334297
6338523
4770616
6334548
4766647
4770880
6334180
6337285
4772547
6334714
4766758
4768540
6332782
6337881
4770974
6334245
4767147
4770381
6333400
6338892
4770906
6334820
4766993
4770824
4773921
6337971
4771695
6334656
4767518
4770813
6334611
4766885
4770082
6334238
6338494
4770496
6334383
4766191
4770168
6334441
4767153
4770731
6334641
4766060
4770543
6333760
6337691
4770724
6334075
4767303
4770824
6333666
6338402
4770978
6334526
4766006
4770445
4774046
6337488
4771594
4774278
6337466
4770804
4773264
6338221
4770450
6334940
6338130
4770818
6334747
4766861
4770130
6334926
4766830
4770535
6333957
6338095
4770977
6334013
4766177
4770458
4774086
6337900
4770030
4774254
6337937
4769903
4773987
6338181
4770707
4773872
6337051
4771087
4773892
6337081
4770070
4774113
6337663
4769946
4773513
6338477
4770822
4774091
6336797
4770530
4774045
6338072
4770568
4773655
6337665
4770387
4773588
6338198
4770032
4773494
6337677
4770502
4774087
6337885
4770075
4774758
6337588
4770192
4773667
6337481
4771100
4773448
6336745
4770435
4773538
6338308
4770695
4773653
6337690
4770277
4774144
6337711
4769808
4774448
6337666
4770194
4773620
6337208
4770467
4773507
6338024
4770846
4774134
6337336
4770647
4773952
6338141
4770756
4775472
6337858
4770574
4773127
6338112
4770726
6333991
6337646
4771451
6334396
4767094
4770031
6333561
6337868
4770412
6334693
4766715
4770671
4773973
6339605
4770546
4773475
6337520
4770615
4773831
6337932
4771283
4773964
6338243
4770174
6334317
6337588
4771064
6335533
4766902
4770692
6334708
6338295
4770923
6333742
4767232
4769788
6333864
4766882
4771335
6333983
4766406
4771093
6334492
4766614
4769754
6334406
4766651
4770271
6333754
6338101
4770880
6334251
4766942
4770192
6334098
4767175
4770260
6333978
6337985
4770553
6334898
4766631
4771144
6334113
6337378
4771236
6333845
4768672
4770707
6333884
4766798
4770421
4773684
6337497
4769863
4773590
6336836
4770624
6334091
6337752
4770991
6334496
4766921
4770492
4773746
6337806
4770666
4773286
6337723
4770688
4774631
6337601
4770505
4773938
6337700
4770802
4773233
6337234
4770836
6333740
6339377
4770427
6334268
4767228
4770256
4773914
6337562
4770216
4773738
6337505
4772601
4773096
6337780
4770531
4773838
6337586
4770537
4773540
6337835
4769983
4773427
6337772
4770641
6334038
6337512
4770756
6334943
4766657
4770574
4773463
6337486
4771225
6334117
6338063
4770424
6333904
4766333
4770651
6334682
4767042
4771730
6334778
4766540
4774224
6334118
4767023
4770360
6333970
6337911
4771188
6334211
4766677
4770255
4774004
6338371
4770236
4773977
6337276
4770534
4773804
6337135
4771816
4773587
6336865
4770738
4773237
6338128
4770305
4773457
6338128
4770237
4774087
6337218
4770705
4774191
6337323
4771133
4773975
6337542
4770941
4774671
6337810
4770452
4773034
6337676
4770400
4773966
6339137
4769955
4773883
6338495
4770232
4774017
6337612
4772130
4772968
6337501
4770861
4774135
6337631
4770421
4773973
6338047
4770183
4773973
6337197
4770826
4773317
6337452
4770664
4773567
6337266
4770290
4773791
6337333
4770392
6334290
6338701
4770726
6335120
4766308
4770535
6334895
6338030
4770422
6334960
4766350
4770736
4773770
6337017
4770344
4773101
6337467
4770486
4774395
6337985
4770492
4774348
6337703
4770318
4774264
6337507
4771332
6334464
6337723
4771442
6333790
4767164
4770636
6333671
6338516
4770755
6334328
4766872
4770547
6335135
4766364
4770407
6334465
6337618
4772057
6333916
4767020
4770945
6333594
4766933
4770487
6333448
6337811
4770991
6334572
4766837
4770346
4774442
6337408
4770344
4773161
6337866
4770413
4773108
6337781
4770893
4774252
6337868
4770657
4774400
6338146
4769935
6334388
6338072
4771503
6334198
4767854
4770838
6334891
4766088
4770243
6335104
4766554
4770351
4773815
6338122
4770950
4773760
6337431
4770600
4774778
6337611
4770831
4773073
6337866
4770668
4773783
6337908
4771308
4774318
6337801
4770670
4774781
6337244
4770267
4773905
6337434
4770253
6333575
6337511
4771512
6334495
4767840
4770518
6334302
6338361
4770383
6336404
4766568
4770163
4774234
6336456
4770440
4774361
6337550
4771507
4774044
6337131
4770711
4773875
6337451
4771237
4773725
6337840
4770425
4773971
6337625
4770134
4773823
6337222
4770397
4773621
6337144
4771205
6333688
6339538
4770675
6333734
4767292
4771126
6334813
4766495
4771083
6334942
6337622
4770753
6334637
4767384
4770861
6334303
4766502
4771587
6334616
6338396
4770882
6334577
4766710
4770365
4773803
6337257
4770433
4775087
6337758
4770926
4773643
6337483
4770183
4773721
6338455
4770096
4773894
6337726
4770798
4773792
6337435
4771290
4773880
6337423
4774677
4773335
6337162
4770706
4773611
6337800
4770860
6333687
6338153
4770824
6334433
4766337
4770417
6333980
6337741
4770425
6335152
4766916
4770913
6333590
6338462
4771394
6334223
4767541
4770565
6333860
6338275
4770805
6334498
4766604
4770742
6334441
4766845
4770807
6334164
6337248
4771613
6334564
4766411
4770342
4774004
6338017
4770290
6334007
6339466
4771252
6334785
4766367
4771026
6335013
4766424
4770442
6333793
4767337
4770521
6333407
6338073
4770880
6334224
4766866
4770610
4773690
6337343
4770323
4773781
6337024
4770756
4773876
6337395
4770938
4773877
6337260
4769841
4773392
6338044
4770496
6334040
6337942
4770734
6334456
4766733
4771078
6334390
4767417
4771292
6334324
4767497
4770895
6333825
6338248
4770537
6334593
4767030
4771332
4773976
6337783
4770305
4774482
6337327
4770833
4773677
6337513
4770862
4774243
6337627
4770343
4773963
6338082
4770170
4774064
6337812
4770494
4773771
6337590
4770688
4773590
6337131
4771324
6333785
6337725
4770657
6333674
4766698
4769980
4773901
6337746
4770503
6334665
6337611
4770914
6334460
4766762
4770841
6334176
6337792
4771091
6334084
4767631
4770422
6334403
6338417
4770807
6334564
4766768
4770693
6334478
4766770
4758647
6333893
6338005
4771431
6333617
4766680
4771148
6334193
4766634
4770228
6334584
6337577
4770613
6334558
4766512
4770473
6334167
4766430
4771106
6333924
6337410
4770605
6334334
4766623
4769991
4773542
6338077
4769955
4773794
6337243
4770223
4773958
6337220
4770543
4773380
6337648
4770337
4773034
6338404
4770484
4773392
6337578
4770431
4776536
6337807
4770402
4773967
6337597
4770445
6334212
6339375
4771092
6333900
4766962
4770637
6334420
6338595
4771173
6334355
4766733
4770162
6334506
6338026
4770270
6334212
4766215
4771172
4773530
6337480
4771011
4773493
6337745
4770001
4773520
6337961
4770458
4774554
6337534
4770476
4773777
6337396
4769991
4773507
6337596
4770917
4773527
6336871
4770972
4773928
6338237
4770043
4773037
6337903
4770843
4773521
6337576
4770357
4774562
6338313
4770924
6334031
6337855
4771382
6334167
4767050
4769804
6333926
6338096
4771060
6334733
4767461
4770108
4773251
6337345
4770902
4773512
6337352
4770533
4774040
6338048
4770333
4773477
6338200
4771156
6333681
6338128
4770644
6334111
4766566
4770680
6335294
4766420
4770665
6334077
6338108
4770787
6334794
4767421
4771168
6334522
4767103
4770546
6334478
4766464
4770316
6334513
4767405
4771094
6334124
6338133
4771456
6334160
4766828
4770246
6333786
4766484
4770665
6334551
4766555
4770751
6315625
4766554
4770213
4774228
6336893
4770781
6334344
6337267
4770675
6334496
4768062
4770504
4773421
6338144
4770702
4773760
6337513
4770440
4773792
6337456
4771124
4773717
6337430
4771124
4773178
6337886
4770077
4773464
6338157
4770232
4773810
6337614
4770913
4774116
6337601
4770320
4773660
6337698
4771090
4773645
6337347
4770592
4773727
6338210
4770985
6333901
6338437
4770868
6334821
4766621
4771571
6334445
4766905
4770466
6333875
6338031
4770857
6333857
4767755
4769880
4773511
6337963
4769876
4774017
6338341
4769850
4774134
6336916
4770760
4773135
6337781
4771273
6333860
6338245
4770682
6333997
4766616
4770246
4774288
6337675
4770381
4774326
6338166
4770560
4774062
6337417
4771213
4773698
6337904
4771154
6334807
6337595
4770561
6333900
4767285
4770715
6334453
6338314
4771544
6335212
4766554
4770917
6334042
6337455
4772118
6334255
4768784
4769787
6333814
6338494
4770872
6333888
4766584
4770651
6335024
4766986
4770255
4773567
6337522
4771324
4773151
6337378
4770676
6333350
6337796
4770393
6334534
4766874
4770431
4774283
6338201
4770816
6334373
6337633
4771531
6334546
4766998
4771578
6334782
4770561
4770436
6333777
6338271
4770771
6334240
4766763
4770338
6334158
6337952
4771114
6334604
4766984
4770988
6334038
6337654
4770995
6334371
4767572
4770310
6333877
6337756
4770482
6334580
4767126
4770527
6334687
4766606
4770557
6333773
6338520
4771192
6333953
4767010
4771198
6334351
4767753
4770571
6334525
6338406
4770940
6334740
4767365
4770340
4775394
6338158
4770877
4773541
6337646
4771141
6333900
6338231
4770685
6334170
4766683
4770551
4774435
6337121
4770215
4773881
6337358
4770688
4773254
6337428
4770624
4773914
6338204
4770096
4773448
6337865
4770303
4774712
6337307
4770285
4774245
6337496
4770190
4773880
6338033
4770520
4773094
4766658
4770455
4773204
6337123
4770235
4773271
6337924
4769797
4773788
6337164
4770148
4773003
6337346
4770442
4772853
6336897
4770230
4773591
6337781
4769657
4773813
6337368
4769712
4773688
6337570
4769761
4773185
6337371
4772071
4773478
6337825
4770276
4773935
6337807
4770098
4773821
6337884
4771173
4773701
6337467
4770531
6333928
6337918
4770626
6336290
4766778
4770925
6334152
6337666
4770982
6334150
4768188
4770034
6333597
6338191
4770705
6335035
4766758
4770864
4774002
6337436
4770596
4773498
6337242
4770617
4773394
6337688
4770616
4774331
6337921
4771220
4773970
6337247
4770137
4774020
6338108
4769954
4775120
6337822
4770560
4773120
6337644
4771523
6334844
6338846
4770581
6333804
4767661
4770450
6334255
6337908
4771097
6334708
4766944
4771276
6334223
4766266
4770616
4774151
6338024
4770600
4773580
6338272
4771035
4773575
6337620
4770766
6334823
6338232
4773068
6334757
4766667
4768170
6331555
4766593
4771157
6334318
4767950
4770421
4773781
6338007
4770965
4774243
6337152
4772134
4774431
6337181
4770461
4773708
6337277
4770793
4773652
6338023
4770294
4773813
6337543
4770761
4774082
6337575
4770834
4773762
6337541
4771246
4773216
6337950
4770956
6333861
6337342
4770970
6334075
4767537
4770454
6334457
6338244
4771433
6334482
4766724
4770811
6334187
6338153
4770700
6333777
4766306
4770734
6334324
6338107
4770950
6334204
4767018
4770994
6334497
6338980
4770910
6334544
4766455
4771174
6334105
6337384
4772414
6334428
4767110
4770753
6334693
4767343
4770497
6334306
6338337
4771356
6334527
4766894
4770020
6334170
6337355
4770990
6333771
4767024
4770780
6334386
6337853
4770458
6334514
4766675
4770206
6334426
4766878
4770490
4773768
6337875
4770765
6334165
6337878
4770785
6333737
4766988
4770292
6334215
4767187
4770445
4773456
6337153
4770586
4773822
6336897
4769433
4774090
6337010
4771140
4773664
6337624
4770635
4773636
6337674
4770541
4773271
6338223
4770516
6334050
6338674
4770487
6334797
4766758
4771187
6333715
4766813
4771458
6333926
6338195
4770827
6333743
4767372
4770322
6335352
4766925
4770482
4773748
6337087
4769698
4774326
6337704
4770380
4773552
6337644
4770687
4773645
6337851
4770274
4773920
6337608
4770736
4774336
6337326
4770417
4774405
6337416
4771373
4773696
6337342
4771148
4773752
6337703
4770411
4773913
6337980
4770347
4774472
6337518
4770493
4773805
6337611
4771190
4773043
6338701
4770596
4773401
6337565
4770624
4773716
6337334
4770500
4773507
6337911
4769965
