Latency
41510
40596
41548
41475
41150
40556
41420
41276
41081
41332
41013
41143
41550
40790
41539
41560
41960
41575
42559
43533
42459
41835
42260
41518
41925
41385
40698
42029
42425
42062
41876
41945
42618
42115
42013
41980
41820
41540
41674
41952
42595
41563
41997
42125
42375
41896
43570
42079
42092
41754
42770
41396
41671
42697
42295
42065
42011
42275
42424
42383
44799
42164
42339
42199
42362
42030
42151
42087
41891
42468
42290
42616
42668
41896
42212
42321
42369
42051
42657
42605
43052
42200
42459
42670
42450
41481
44048
42251
42129
41878
42319
42505
42444
43085
42212
41789
41582
41974
42639
41833
42160
42167
42022
41834
42211
42488
41955
41855
43059
42115
42889
42080
42939
42590
42912
42235
42520
41970
42019
41667
42571
41934
42826
44116
42910
42641
42710
41880
42130
41715
42425
41508
42415
42515
42026
42280
42029
41900
41990
42072
43800
41954
43015
42298
42235
42015
42190
42029
42034
41489
41885
42162
42754
42051
42345
41810
42701
42048
41755
41575
41753
41664
42327
42429
41889
41881
43740
42388
42882
41899
43659
41888
42251
41393
42620
42270
43029
42114
42776
42023
44793
42465
42700
41937
42540
41719
42654
42820
42521
42116
41819
41505
42282
41843
43421
42145
42049
42644
42393
42170
41950
42402
42082
42340
42725
41771
42495
42498
42865
42195
42593
51550
42691
44205
42539
42274
27095
41910
42374
42095
44206
41711
42315
41493
42978
42115
42812
41892
42178
42337
41724
41787
42429
42095
42004
42110
42684
42066
42347
41989
42411
42449
42980
43967
42803
41618
42529
41711
41925
40516
42663
42282
42703
44443
42320
41829
42174
42050
42202
41783
44210
41975
41951
42460
42087
42197
41732
42531
41741
42279
43059
42397
42910
42107
42661
42583
42307
41989
42423
41970
42608
41783
42952
41804
42768
41661
41918
47496
41884
41381
42168
41465
42324
42463
41937
42055
41761
41670
42116
42591
42034
42200
42979
42307
42789
42160
42280
42333
41907
41900
42076
41857
42708
41796
43945
42786
42259
41610
42258
41630
41915
42230
43236
42185
42052
42397
42616
42437
42185
41498
42421
41850
42243
44037
42773
42223
37560
37402
42490
44377
43917
41759
41817
42182
42040
41920
44376
42139
42975
42295
43010
42058
42779
42024
42090
41619
42189
41956
42105
42062
42596
44055
42795
42184
42549
42244
42234
42131
42374
43937
42698
42132
43379
44726
42203
42190
44120
42860
42950
42502
42813
42135
43815
41794
42469
42290
43150
41625
42313
43132
42195
42191
44089
41945
42802
42662
51647
41910
42060
42353
42401
42075
42638
41829
43272
41978
42101
42474
42196
41869
42624
41951
42234
43654
42674
41735
41942
41996
42675
41848
44248
41927
42677
43229
42250
42214
42694
42660
42779
41920
43071
42343
42552
42309
41236
42610
42730
42080
43090
42141
42027
41964
43152
42459
42253
42028
42267
42088
43180
42041
42372
42092
42806
41665
42375
43875
42274
42215
42375
42147
44523
42068
44181
41804
43806
42135
42012
42130
42473
42095
42363
41780
52485
42253
42167
42246
42568
42530
42518
42135
42081
41917
43353
42097
42345
42473
42070
41807
44033
41709
42675
41847
42508
45040
42501
42209
42274
42105
42179
42624
44634
41590
42796
42016
42468
42066
42696
43934
41984
41235
40263
42696
42484
42583
44106
44560
42799
41710
42245
42630
42505
41837
42534
42069
42220
42224
42795
42260
42395
42275
42278
42594
42783
42204
41949
42070
41730
41963
43076
42380
42262
41814
42150
42094
42625
41567
41880
42923
49021
42417
42860
42990
42618
41619
42454
42014
42200
41896
44065
42549
43087
42420
42277
41945
41941
42018
42486
42125
42150
43927
43105
42418
42751
42559
42387
41665
42050
42260
41906
42208
42743
47980
48320
48340
48584
47753
48344
48613
48444
48746
48237
48117
48808
48183
48392
48625
48585
43264
43279
47919
48220
47848
42605
42255
42918
41878
42137
42092
42559
41904
42891
41968
42246
43874
42738
42164
42438
42301
42429
51394
44140
42218
42985
42425
42545
41979
43034
46296
42880
41970
42373
42220
42014
41885
42590
42536
42872
41915
42187
41647
42343
42026
42130
41905
42099
41912
42618
41959
41949
42417
42214
41745
42645
42480
42905
42530
42802
52905
43096
42770
43404
42263
42728
42193
42067
42343
42883
44106
43199
42831
42075
42032
42933
42444
42225
41547
42587
42030
42106
41950
42832
42128
41580
42403
42509
42121
42835
41913
43252
42258
42691
42423
42561
42339
41857
41227
42046
41921
42756
42480
44950
42183
42140
43213
42565
41755
42395
41900
42429
41770
42671
42402
42061
42472
42152
41790
42570
42024
43109
42647
42855
44566
42532
42431
42492
42505
42158
41869
42604
42667
42854
42479
42314
52783
42250
42363
42053
42239
42678
42238
44232
42031
42195
42111
41989
41704
42079
42117
42549
42295
43040
42820
42826
42723
42390
41879
42258
41824
42400
42401
42890
42323
42225
42353
42820
41677
42884
42128
42448
42361
41730
40325
42394
41942
42429
42243
42059
41573
41730
41602
43080
42043
42445
42355
42718
42252
42495
42833
42516
42082
42085
41970
41900
41965
45941
42018
42313
41980
42185
41674
42169
41697
42155
42268
42213
41847
42186
44342
42020
49372
41977
41686
42113
42058
42847
42421
42950
42355
42881
42320
43092
42115
42082
41976
42545
42100
42430
43710
42094
41676
42330
42265
43194
43726
42275
41840
42221
41651
42417
41929
42505
42769
42530
41979
42431
42377
42442
42004
42603
44195
44331
42471
41892
42281
42920
42095
42614
42080
43508
25760
25349
25245
25422
25359
25048
25320
42313
44673
42735
41977
43509
42928
42205
41725
44186
42096
42685
41954
42638
42272
43227
42395
42698
42701
42725
42451
42231
42144
42795
41998
44671
42100
42310
42077
42426
42100
42556
41684
41925
42235
42347
41557
42422
42625
42445
42298
41980
42248
42299
42114
42021
42145
42472
42604
43288
42480
42174
42548
52217
41586
42563
42611
42090
42113
42292
42071
42190
42332
42507
42639
42455
42045
42540
41829
42394
42064
42740
42254
42330
42530
44337
42890
42595
41818
44353
41909
27952
45271
42239
42116
42974
42675
42980
42014
42869
42399
41464
42544
42494
42654
42450
42422
42164
42567
42880
41780
42979
42274
42319
43620
42710
41883
42962
42017
42740
42570
42965
42910
43093
42490
42470
41600
42045
41838
42065
42065
42768
44737
41728
42279
42440
41890
42485
42067
52856
42197
42199
41781
42315
42480
42457
45365
42694
42066
42053
42032
42874
42517
42778
42481
42664
42580
42760
42415
42120
41571
42391
42630
42440
42143
41975
41698
42288
41996
42914
41975
42113
42629
42389
41573
43972
42273
39940
41700
42950
41906
43019
42195
42318
41850
42935
41830
42425
42229
42751
41886
41928
42231
42032
41715
42620
42071
42215
42238
42392
42367
41980
43147
42627
41965
42530
41594
42537
42046
42350
41740
41951
42029
42965
41994
49448
42153
42912
43032
43715
43043
42128
42201
42413
42221
42539
42386
43391
42482
42466
42251
42883
42495
42939
42925
42540
42265
42499
42492
42719
42455
42220
43924
42574
41898
42400
42230
42150
42125
43063
42868
42786
43789
43165
41917
41753
41936
42067
41809
46031
42294
42635
42280
42328
25682
25222
25149
25203
25290
25179
43175
42672
42520
42774
42533
42165
41856
42190
41947
42427
42890
43274
41959
42890
42764
42535
41949
42894
42664
42975
42782
42563
42214
42381
42261
42350
42302
42625
41957
42722
42534
42419
42243
42824
42184
42566
43589
42731
41929
43055
42245
42324
42418
43352
42292
42822
42350
42898
41554
43070
42611
42197
42840
42727
51850
42130
41914
42349
42175
42208
42480
41909
41895
42312
42482
42749
42360
42180
41944
42584
42176
42603
41971
42566
42216
44692
41969
42555
42483
43201
42100
41994
42190
42322
42303
42502
42310
42109
42100
42345
42370
42632
41483
42296
41879
42585
41857
42519
42385
42325
41879
41631
44242
43025
42059
42665
42185
43129
42061
44594
42385
42088
41791
42144
41660
42755
42717
42390
42225
42800
41987
42138
42000
42434
41764
42546
41640
42216
42230
42330
53205
42206
42036
42804
41810
42608
42269
42467
42158
43976
42328
42760
42533
42336
42053
42441
41890
42725
41941
42702
41878
41900
41715
43033
42045
41678
42481
42305
41559
42115
41692
42597
42318
41721
42108
42159
42250
42547
40687
42469
42354
43498
41805
42235
42164
41706
41505
42420
41989
42124
41992
42441
42560
41855
42283
42099
41735
42799
42314
44252
41625
42709
42432
42150
41932
42400
41780
42721
41350
42222
42535
42651
42639
42870
42230
42561
48755
42585
42226
42456
41821
42847
42189
41970
42726
42459
42377
43924
42530
42236
41970
41956
42216
42387
42383
43019
42283
42665
41993
42580
41996
42751
44312
42462
43077
44553
43979
43210
43168
42735
42159
42375
41890
44782
42015
42715
42239
42168
44021
42948
42421
42725
42000
42209
41875
42644
42057
42627
30854
44106
42181
41735
42644
42315
42360
42710
42438
44303
42583
45234
42811
42633
42570
42086
42685
43145
43514
42775
42110
42770
42590
42544
42240
42388
42700
43005
41950
43005
42285
41994
42430
42762
41712
42636
41860
42325
42438
42713
42462
43890
42343
42474
43130
42990
42048
42210
42548
42478
41843
45011
42474
42213
41688
42388
42244
51847
42386
41910
42067
42040
42141
42686
41964
43540
42588
42116
42299
42787
42565
42276
45059
44380
42119
42562
41980
42205
43025
41958
42167
44040
42873
43491
42495
42750
41849
42247
42090
42624
41982
42290
41699
42608
41947
41762
42062
41995
42640
42385
42421
42680
42538
42691
42528
44222
42519
42335
42110
42205
41920
42368
41820
42527
42314
42457
42733
42184
41855
42190
41981
42303
42050
42615
41882
42493
42145
42178
42493
42159
42235
42522
42232
52285
42411
42070
42821
44182
44880
42311
42345
42341
41575
42733
41830
43797
42549
42630
42227
42180
42756
42339
41912
42499
42275
42908
42405
42120
41654
42871
42054
43977
41982
42120
42425
43034
42380
42530
42755
43127
42683
41346
42430
42319
41868
41756
41958
42001
43564
43095
42250
42718
41806
42907
42973
44395
41820
42206
41856
42786
42200
42177
44363
43975
42247
41920
41915
44135
43939
42755
42350
44430
42199
43027
44129
42005
41682
42255
42210
49915
41820
42492
43853
42215
42891
42939
41935
42757
42750
42555
42140
42359
42409
42233
42548
42323
41791
42691
41864
42529
42435
42551
42644
43835
42861
42705
42659
42559
42340
42321
42553
42164
42140
42345
42432
43901
41940
42532
42339
43195
42645
42706
42387
42346
41901
43195
42228
42000
42560
42178
41874
42216
42125
43147
42550
44309
42316
42075
43145
42404
42105
42557
42243
42404
43085
42895
42103
42000
41865
41942
42370
42066
41998
42725
42405
42559
42045
42298
42271
42782
42240
44478
41785
42765
42175
42055
42460
44550
45538
42676
44021
42410
42433
42670
41858
45897
43300
42021
42395
42475
42495
42650
51537
42656
41609
42039
42160
42470
51530
42176
42209
43170
42575
42225
41910
42699
41789
43165
42376
42948
44010
42759
43100
42909
42198
42661
41913
42210
43840
42328
42309
43001
41960
42458
42301
42698
42440
41881
42186
42088
42669
42484
42370
42358
42423
42587
41591
42621
42259
44077
42212
29121
44115
42990
42668
42329
41834
42597
42295
42226
42603
42739
43508
42150
42392
41807
42108
42553
42639
42689
42323
42203
41765
42207
42614
42814
42010
42630
42630
44839
43178
43155
42332
52670
53306
43010
42523
43303
41560
42244
42097
42495
42487
42875
42310
42935
42017
44057
42216
42182
42344
42238
42375
42118
41922
42956
42285
42348
44318
41877
41953
42650
42275
43243
42328
45209
41960
44501
43570
42302
42755
41825
40648
42400
42074
43369
42271
42427
43894
42889
42005
42646
41553
42479
41625
41750
41434
42131
42201
41985
41948
42200
42392
42721
42180
42273
42170
44999
44652
42142
44275
41896
42405
43912
41877
42328
42205
42584
42620
42624
50215
42361
41980
42750
42453
41866
42517
43055
42365
42720
44090
42360
42081
42045
42298
43511
42390
43033
43994
44116
42785
44368
42725
42150
41840
42065
41765
42296
45337
43000
44014
42333
41980
41963
42910
41977
42113
42226
42148
42610
42285
42322
43965
42512
41863
42255
42255
42493
42692
44379
44050
42763
42862
42651
42905
42204
42271
42690
41820
43836
42509
43391
43134
42240
42313
42456
41802
41690
44000
42007
42445
42304
42095
42043
42705
42223
42147
42325
42395
42785
42379
42617
42435
42470
42358
44009
42577
42343
42460
43023
42070
42639
41798
42092
42322
42623
42104
42549
41953
42133
42293
42116
41987
42835
41903
42495
44552
42847
44165
51103
42540
42811
42070
42617
43051
44840
44187
42488
42280
42704
41576
42271
42223
43315
41750
42952
44313
42074
41856
41976
42547
42876
41624
42210
42259
41942
42079
43199
42681
43019
41957
42145
41892
42577
41985
42737
43670
42356
43670
42475
43267
42850
41871
42806
42310
43702
42747
43071
42648
42205
41954
42263
42321
41855
42381
43180
41873
42183
42557
42768
42475
42306
42181
42991
42118
42788
42032
42580
44072
43979
44164
42620
42224
42304
42305
52706
41570
42596
43960
42475
42410
42611
42569
42148
42635
42458
42461
41990
42029
42199
42506
42852
43316
43028
42265
42562
41994
42138
42331
42535
42840
43206
42740
42436
44162
42175
41620
41936
42173
42121
42685
42752
42407
40270
42065
44260
41870
42649
42783
42063
41886
41725
42332
42823
42514
42427
41748
41830
42210
42741
42646
42305
44279
43979
42843
42515
42455
41980
41673
42627
41910
41821
42529
44139
42509
42866
42594
41976
42290
42749
42065
49314
42010
42415
42864
42384
42304
42715
43693
42255
42251
43200
42130
42655
42229
44024
44385
42456
43205
42650
42285
42938
42151
42429
42520
42079
42255
42446
41983
42541
41984
41915
42616
42662
42277
42501
42214
42325
43967
42360
42269
41904
42039
42025
42273
42108
42309
42571
43034
42766
42699
42565
42375
42434
42350
42746
42130
42224
41766
42053
41850
41935
42885
42630
42474
42590
41917
42232
41665
43962
42529
41730
42519
42681
41678
42098
41985
42767
42930
42519
44267
42510
44200
42548
41977
42420
41880
42310
41615
42753
30360
42397
41989
42572
42054
41933
42347
42371
42019
41761
43107
42122
44715
42539
41632
42188
41700
42445
42690
42841
51536
43986
42953
43253
42616
42728
42433
42060
42547
41965
44036
42287
41890
42713
41651
42139
41964
42099
42095
42177
42379
42679
42594
42304
42653
42874
42024
42547
41753
42215
42318
42812
42594
42744
42455
43113
43629
42247
41914
42660
42316
42646
42498
42428
44095
42506
42375
42178
41849
41962
42346
42351
42090
42515
42456
42860
42575
42425
42930
42581
42125
42363
41879
42583
42443
44432
43560
42411
43784
43203
41842
42575
41960
42040
42316
42724
52120
42575
41643
42188
42160
42868
42175
41856
41734
41914
41894
42238
44675
42902
42121
42084
41993
42365
41940
43157
42913
42950
42821
43241
43976
42170
41967
42178
43734
44911
41920
43059
41783
42840
41984
41957
44251
41887
40140
42213
41824
42108
42060
43900
44409
42229
41846
41878
42028
42288
42238
43240
42156
42794
44379
42362
43767
42430
41748
42370
41850
42139
44251
42609
42802
42325
42035
42735
42036
44432
41970
43008
42165
42027
42408
42658
49866
41988
42085
42485
42636
42906
42735
45385
42507
43230
43915
42642
44021
42759
42250
42106
43423
42158
42119
41968
41661
42238
42430
42785
42179
42775
42683
42190
42512
42179
42461
42339
42440
44210
41665
41745
42649
42593
42672
42810
42650
42247
44177
42685
44366
42338
41835
42770
41954
43630
43670
42135
41961
42706
42006
42229
42327
43103
42570
42671
41831
42113
42330
42572
44078
42729
42490
42448
42064
42659
42160
42218
42848
42743
44081
42460
44171
42307
41805
42335
41983
42433
42078
42748
42327
42543
41963
42987
42436
42903
42321
42100
42183
41900
42482
42555
43545
42443
42231
42013
41869
42427
42331
42685
42557
42375
43640
42408
44186
51250
42590
42543
42349
44973
42500
42679
42340
42349
41720
42293
44123
42275
42633
42883
42410
42811
42090
42403
43547
42094
41950
41856
42386
42662
42132
42513
42645
42364
44333
42676
42955
42591
41474
42619
42203
42735
42218
41365
42304
42355
41870
42527
42455
42781
41480
41808
42478
41938
42026
42284
44958
42210
43975
42126
42695
42334
42823
42467
42164
42173
44029
42681
44047
42802
42711
42650
42344
42025
42365
42917
42619
41990
42182
42460
41999
52780
42193
41886
42126
42170
41983
42583
44147
42524
41830
42850
42075
42318
41970
42376
43907
42394
44005
42247
42679
42594
42079
44040
42025
42970
42478
42995
44140
43014
42149
42888
42077
41901
41895
42335
42304
42368
42209
41358
42759
42140
42163
42532
45447
42890
42316
42340
42944
44507
42799
42131
42793
42385
41764
42464
43452
42642
42684
43049
43017
42360
41991
42777
42202
42884
42805
41905
42153
42420
42505
43186
43723
42478
42512
42478
42314
50008
42260
43265
42420
42948
43016
42759
44134
42329
42558
42470
42220
44105
42766
42551
41897
42654
41956
42288
44025
42378
42194
43209
41772
42348
42185
44746
44088
42837
41590
42761
42390
42410
42219
42768
43034
42779
44185
42565
44250
42844
42179
43070
41430
42518
42728
42282
41960
42970
42741
42510
41738
42280
42167
41980
42143
42767
42497
42533
44683
42828
41896
42395
41713
42359
41795
43931
42453
42619
42825
42759
44341
42911
44240
43454
42228
42271
42413
42895
42209
41913
41720
43826
42342
43061
42496
42378
42905
42268
41895
42350
42612
44538
42278
42200
42989
44075
42266
42684
44382
42665
42560
42610
42586
42790
42384
43210
42360
42250
51410
42850
41839
42080
42047
42451
42390
42095
43931
43200
41863
42598
41820
42710
42535
42274
42211
42380
41830
42875
43996
42476
42230
42635
42723
42465
43885
43085
41920
41945
42030
42990
42900
44131
42353
42598
41983
42294
41288
41799
42250
41803
41781
42723
44790
42159
44333
43081
41740
42234
41981
42701
41789
42896
42434
42719
44004
42120
42566
42215
41998
42070
41567
42423
41634
42515
42627
42850
41765
41873
42830
41825
41662
42188
41973
41760
52039
44436
42805
42811
41491
42412
42105
42301
43780
43001
42530
44756
44360
42343
43555
42619
41669
42418
41932
42084
42540
43148
41994
42697
42800
42345
42481
42225
41783
41985
41732
42795
42635
43014
44661
42505
42902
41875
40522
42430
42010
44881
42145
55684
42624
42360
42475
41971
44577
42185
42605
42710
42021
42588
42690
42479
42937
41794
42376
42884
41692
42363
42035
42719
42024
43589
42405
43080
42385
42914
42333
43845
42280
43004
44060
42421
48979
43275
43071
42520
41553
42840
42227
42382
41954
43064
42268
42559
42730
42336
42355
41974
41980
42715
42100
42196
41859
42498
43785
42351
41880
41797
42145
43000
42006
42335
43454
42852
42669
44262
42867
42780
42904
43015
41927
42706
43257
43065
41791
42590
42155
42988
42385
42655
41609
42096
41694
42530
42481
42508
42483
42258
41866
42408
42389
42209
42413
42792
41973
42630
42529
42657
43122
42323
41573
42265
42370
41937
42373
43096
42080
43115
44133
42650
42547
42287
42100
41957
42330
42340
41949
43073
43805
42377
41660
42075
41990
42537
43763
42910
42732
43245
42320
42535
43387
42323
42058
43992
41972
42203
42343
42883
42134
43185
41976
51380
42288
42605
42604
42895
42248
42613
42450
42569
44958
42810
42097
42294
41908
42494
41972
43811
42337
42423
42690
42426
42755
42275
44250
42181
41855
42173
42870
42767
42662
42807
43202
42817
42473
41983
42148
42516
40562
41015
42134
42805
42609
42310
42029
42080
41895
42375
42090
42160
42220
42152
43910
42717
42775
42825
41784
44196
42060
42706
42228
43670
42440
42451
41932
42303
42049
42102
41661
42113
42054
42706
42205
42794
42128
42101
41805
51867
41661
42775
43220
43765
43475
42179
42490
42571
42669
42056
42232
42770
42201
42216
42119
42906
42046
42425
41578
44655
42419
42992
41838
42511
41915
42199
42649
44235
43802
41952
42659
42419
41884
44471
42895
42638
42161
40541
43160
42530
42706
42620
41665
42335
42087
42219
42464
42368
42633
43100
42251
42590
44565
41870
42540
41942
42226
42478
42205
44188
42347
42430
41781
42694
42493
42380
44075
42268
42580
42591
44195
42495
42450
42411
42444
49083
41815
42035
41765
42896
42502
42490
42861
42723
41841
42324
42165
41909
42480
42563
42699
42665
42338
41938
37917
41788
42175
42273
42012
44461
42657
43905
42017
42488
42156
42527
42304
42589
41955
41818
42132
42754
42765
46632
41956
42298
42011
43223
41890
42789
42031
42690
42596
42275
42141
42425
42005
42635
41857
42740
42013
42669
41995
42865
42625
42106
41970
42471
41618
43940
42018
41979
42521
42150
42250
42278
42545
42766
41618
42902
41696
42211
41898
42257
41724
42274
42140
42088
41728
42269
42148
44586
42090
42145
42019
42425
42665
42154
42350
42052
41951
42409
41974
42300
42034
42498
42348
42415
41820
42375
41993
42689
42439
41744
51613
42215
42139
42600
42426
42255
41708
42480
41959
42851
41968
42614
42630
43130
42551
42038
43137
42465
42098
42548
42004
41836
41691
42434
42460
42479
42097
42139
42316
42325
42253
42101
41719
42780
42414
43068
42430
42285
41130
41985
42445
42630
42415
43518
42572
43021
42401
42555
42339
42067
42113
42254
41999
42283
43041
42708
42680
42057
42224
42378
41740
42018
41822
41974
42245
42356
42090
42519
42518
42727
41572
42068
42465
42507
42184
44397
52990
42543
42110
42355
42391
43022
41825
42620
42487
42093
41844
42429
42555
42170
41743
42578
41815
41754
42289
42264
43736
41985
41987
43074
41837
42205
42388
42622
44241
42590
41734
42170
42236
42377
42167
42310
42121
42492
40261
42222
41693
42699
42185
42911
42472
42395
44360
42641
41784
42640
42130
42720
42189
44435
42160
42302
42197
42259
42154
41890
42183
42917
42367
42940
42540
43110
42350
42857
42587
42973
42120
42250
42170
44221
42554
42345
49315
42964
43044
42405
42422
49539
42074
42237
41875
42150
43960
42625
42299
42342
42213
42061
42245
42042
42180
42316
42458
43019
42620
42573
41944
42545
41835
41754
42218
42176
43920
43000
42679
42665
42145
41858
41903
42059
41729
42211
42165
41675
42025
44700
42709
42324
42289
42447
42080
42416
43560
43879
42149
42833
42759
42342
42237
45180
41875
42886
42391
27356
42498
42447
44655
42464
42185
42181
42180
42350
42215
43053
41704
42900
42082
42096
42130
42764
42450
42045
42005
42289
42327
42778
42394
42843
42780
42354
42310
42619
42653
43049
41980
43150
42194
43079
42241
44080
42453
42171
41984
42840
42076
42536
44345
42656
42339
42203
42266
51715
42314
42374
41840
43135
41941
42924
42900
42680
42759
42364
42945
42111
41863
43365
41631
42298
42330
42673
42495
43055
44231
42197
41892
42143
41619
42410
42470
42569
42371
42825
42408
41914
42147
42182
41916
42330
41710
41191
42992
42767
42340
42180
42809
43898
41769
42580
42150
42608
42118
42603
42807
42837
41985
45121
42807
42355
42057
42460
42605
42236
44017
42335
42248
42360
42050
41945
42110
44950
42170
42580
42266
42933
44303
42442
42300
52682
41738
42919
41590
43015
42196
42676
42901
42640
41533
42153
42127
41735
41865
41828
42638
42108
41549
42620
41999
42238
41860
42051
42430
42791
42970
42328
42275
42212
43012
42587
42306
44184
41580
42631
41953
42349
42224
40745
42910
42908
41592
42293
42214
42900
42035
44176
42197
42334
42404
42664
42551
42291
41729
43083
42460
42235
42337
43033
42244
42520
42410
43243
42439
42692
42679
42372
42092
42201
42170
44205
42653
44438
41748
42420
41886
49379
42211
42565
44319
42420
42055
42339
43708
42467
41805
42585
41832
42459
42007
42308
42399
42978
42349
42285
42906
42650
42355
41665
42094
41848
43155
43020
41970
43333
42193
42445
41877
42414
42207
42755
42916
43096
42357
42665
43488
42257
42359
41883
44255
42850
44001
42625
42087
42418
42737
25551
25184
25253
25193
25217
25010
25342
25410
25294
24995
42114
42570
42146
42285
42337
41949
43090
41646
42045
44896
42163
42331
42455
41696
42008
41928
44566
42897
42864
42485
43252
42188
42895
45009
42005
41380
42530
41635
42715
41885
42864
41888
41903
42302
42645
42002
42811
42354
42677
42212
42222
42385
42509
42601
42210
41874
42715
41945
43090
51528
43001
42056
42909
42621
42520
42480
43715
41942
42540
41835
42345
41670
44000
42275
42355
42217
42328
42350
45614
41874
42080
42710
42974
42218
42375
42348
41720
41937
42232
42220
44210
41694
42403
42674
42714
42558
42560
41522
42836
43845
42302
42375
42360
41946
42183
42377
42245
41599
42839
42446
42230
42236
42219
41989
42087
42265
42850
42148
42322
42342
42015
41819
44090
42386
42607
42100
42233
42645
42722
43915
42074
42046
42433
42187
42375
52466
42968
41687
42644
42085
41730
41325
42245
41543
42308
41860
44724
42160
44627
42237
42064
41668
41882
41577
42531
42164
44386
42428
42768
42226
42739
42115
42061
41729
42441
42005
42291
42016
42836
42653
42257
41711
41900
43325
42089
41915
41925
41792
42340
42915
43009
42250
42355
42234
42575
41755
44811
42505
42162
42233
29400
42709
42456
42080
42529
42156
43185
42225
42280
43234
43087
42401
42363
41835
42546
41938
42485
41863
42099
42290
42431
49508
42286
42071
42730
42018
42050
42039
42811
45088
42680
42134
42438
42265
42459
42469
43820
41955
42256
41676
42579
42905
42960
42630
42235
41635
41970
42072
42019
42540
42375
41687
42918
41735
42871
42145
42311
41810
42463
41755
42745
42051
42677
42043
43564
41701
42190
42640
42618
41867
38131
37470
42890
42345
42581
42178
44441
42174
42394
41959
42197
41962
42945
42012
42197
42180
42914
41883
42190
42355
43610
42185
42230
41902
43047
42642
42265
44092
42699
42591
42323
41955
43143
42217
42121
43693
43040
43100
42872
41964
42860
41822
42399
42550
42825
41861
42499
42510
42660
42115
42260
42447
42193
42445
42793
42193
42419
42480
44297
42490
55335
42162
43371
42350
42339
41729
42171
42190
42367
43691
42456
42293
42316
42465
42129
42324
42195
42571
42443
42176
42190
42085
41950
41865
42221
42417
45580
41976
43120
42100
42919
42447
42246
44478
42150
42240
42778
41684
41217
42285
42140
42555
42244
41871
42275
42049
42704
41452
42340
41977
42401
42430
42626
42625
42058
41603
42240
42104
41939
42495
42265
42645
42245
42229
43228
42264
41973
41947
42785
42301
42193
42362
43633
42547
42868
41771
52596
41827
41989
42525
43035
41879
41884
41800
42510
42080
42285
42132
41919
42169
42635
42404
42690
42310
42877
42059
42445
42154
42556
42610
42325
42310
42982
42489
43186
42374
42320
42420
42333
41830
42632
42178
42588
44288
40796
42390
42198
42580
42437
41734
42418
41880
42365
42386
42477
42600
42814
42415
42370
42562
41875
41549
42072
42382
42440
42207
42353
42747
42657
41872
42420
41840
42139
43695
44032
41788
43115
42165
42213
42665
42180
41707
48945
42639
42271
42376
42724
42308
42633
42585
44594
42360
42262
42050
42743
42150
41843
42229
42124
42560
42818
42131
42736
42487
42832
43228
42300
41983
42988
42275
42409
41626
42217
41850
41868
42211
43530
42075
43632
42638
43101
42607
42658
42700
43036
42838
42840
41556
42304
42370
45400
37673
25599
25598
42360
42096
42693
42295
42656
41902
42633
41841
42578
42100
42621
41969
42261
42204
42450
42825
42980
42615
43975
43967
41999
42335
43046
42000
42227
41697
42434
42819
42974
44732
42978
42326
42331
42005
42125
42138
42381
42319
42159
42278
42626
42374
42361
43897
41855
42899
44125
44224
42745
42234
42714
42104
42476
42172
42544
42217
41800
51178
42633
42412
42193
42471
44434
41894
42557
41730
43160
42282
42857
42225
42721
41970
42143
42705
42378
42279
42629
42425
42214
41747
41760
42250
42848
42148
43122
42326
42234
42093
42055
41771
41759
42042
42195
42138
42040
41935
41755
42038
42528
42090
42099
42526
42711
42580
42380
42270
42432
41900
42270
42596
42221
41974
42303
42045
42710
42454
42950
42538
42134
41634
42246
41900
42540
41791
42629
42315
42182
41640
42270
41432
42590
42081
42835
53084
42108
42002
44698
41700
41970
42004
41976
42118
41875
42314
44278
41968
43010
42230
43778
44056
42236
42385
42019
41654
42880
43181
44799
42410
42540
42783
41765
42145
42720
41688
42673
42503
42448
42770
42376
43945
42393
39910
41968
41750
42995
42003
45566
42988
43037
42045
42294
41836
42829
42157
42585
41670
42109
42626
42640
44309
43095
43485
41897
42861
42741
45028
43156
41896
41900
42156
42708
42083
42589
43936
43409
42562
42862
42660
42926
48959
42685
43896
42170
42531
41846
42222
42595
41812
43320
42705
42665
42228
42337
42306
43029
42689
41870
41904
42525
42005
41884
42042
42182
42171
42273
43756
43419
42341
42418
41999
42580
42016
43276
45352
42530
42505
42379
42229
43145
42082
43281
42460
42247
41695
42263
42281
42549
41884
43315
42635
41836
41775
42715
42449
42417
43665
42820
42190
42550
42625
42340
43005
42479
42672
43048
44069
45046
42452
42589
42181
42517
41701
42187
42835
42873
41814
42343
42324
42263
42038
42400
41928
42272
41812
42130
42211
42455
42388
42347
42372
42038
42573
42731
42213
43058
42827
43184
42940
42610
42175
42690
41925
42010
41840
41765
42128
43005
42528
51409
42245
42411
41794
42555
41893
42240
42865
42273
42418
42265
41848
42499
42190
42316
41870
42180
42127
42879
42665
42400
42534
42585
42187
42969
42474
42800
41795
43974
42189
42650
42946
42197
41955
42215
42160
42242
41490
41076
42031
42199
42167
42467
42440
42191
42089
42130
41806
42948
42606
42264
42120
42862
42378
42129
42761
43395
41592
42550
41812
42286
42510
43197
42404
42564
42157
42963
41920
42159
42001
42226
43795
42693
42070
42305
41889
53190
41959
42034
42216
42307
41842
42870
42943
42683
44113
42867
42128
42003
42134
43105
41728
42826
42613
42855
42295
42019
42180
42497
41798
42465
42124
42527
42130
42881
42245
42457
43602
43090
41827
42503
43755
42962
42940
40591
42390
42524
42390
43600
42545
42708
42443
42340
42842
42819
43402
42695
42031
42360
42432
43233
43562
42033
42499
42220
42234
42630
42878
42222
42764
42536
42318
42695
42184
42156
42319
43271
42445
42899
42209
42577
43815
49021
42090
42200
42037
42522
42864
45217
42203
42679
42275
42540
42228
42025
27265
42327
42265
42819
42131
42275
42420
42168
42168
41908
42161
42310
42060
42142
43646
42285
42535
37476
37854
38679
37547
37736
37580
38070
38270
38136
37379
37991
41908
42080
42144
42662
42865
42661
41580
42510
42230
42625
41907
41936
43567
42110
42512
42361
42042
42850
42825
42947
42420
42338
42180
42587
41976
41919
42134
42482
42694
42793
42613
42175
41920
42764
42018
43615
41979
42180
42700
42265
42973
42288
41573
43171
42400
42410
42150
44045
43804
43150
43207
42655
43787
42416
41910
42340
42195
42350
42322
42504
42857
42873
42204
42552
41784
42857
42879
42761
51210
42251
42742
42391
42372
42433
41977
42335
41760
42485
42747
42710
42206
44789
42738
42953
42606
42383
43933
42347
41629
42399
41783
42215
42693
42975
41939
42215
42886
42721
41810
43160
41897
42528
41820
42987
42983
42133
40746
42257
42761
43246
42241
42684
42268
42095
44314
42845
42103
42513
44496
41688
42105
41725
41530
42027
44014
43795
41555
42259
41691
42210
42069
42356
42037
41992
42619
42992
43515
42370
42050
42420
42063
42086
42576
42653
52163
43055
42813
42350
42430
42443
42207
42322
41800
41903
42402
42541
44155
42761
42102
43714
42186
41843
41884
42177
42725
43685
42225
42256
42191
42865
42490
42033
44125
41750
42310
44059
42687
42431
42315
45480
42530
42582
40086
42088
41989
42785
41905
42425
42820
43070
42497
42428
42931
42269
41940
43200
42549
42516
42277
42358
42075
42347
42675
42584
42125
44715
42380
42392
43045
43011
44154
42999
44565
42616
42227
43090
41860
42212
41903
44913
49366
42519
42236
42865
41894
42442
42475
42096
42333
42095
41817
42272
42364
42915
41930
42546
42171
42337
42672
42162
42425
42560
44328
42664
42370
44133
42075
41805
42521
42532
42091
42034
42490
44843
41962
41900
42710
42125
41969
42212
41888
42164
42139
42437
42631
41910
41925
42588
41966
25099
25472
42205
42698
42710
43951
42738
42982
42454
42746
42829
41423
42689
42408
42337
43815
42495
42365
42446
42174
42346
41979
42360
42442
42022
42356
41925
42635
42324
42069
44583
42564
42087
42620
42505
42398
42979
42399
42881
42053
42846
43181
42069
42409
42463
42000
42565
42176
42676
42171
43205
41860
42786
42499
42380
42260
44554
42078
42174
42492
52149
42508
41880
42451
42903
42630
42648
42216
42125
43038
44546
42217
42210
42553
42831
41893
42455
46897
42448
42460
42995
42506
42161
41882
42749
41689
42745
42468
42375
42396
42693
43034
42750
42011
42977
42150
43030
42321
41741
42710
43391
42578
42469
42716
43400
41770
41965
41595
41949
41736
42998
41991
42945
42071
42340
42226
42624
43995
42247
42360
42910
41873
42218
42690
42050
41330
42254
42116
42079
42285
44015
42018
43185
44762
43014
41937
52508
42722
43174
42219
42911
42639
42431
44650
42734
41957
42422
42679
42539
42829
42634
42314
42544
41872
42490
42602
42470
42085
42226
42351
41935
42930
42500
42760
42924
43803
42600
44058
43044
42940
43934
42746
42844
42369
40269
42439
42280
42022
42360
42045
42673
42052
43780
42549
41994
41875
41978
42600
42910
42389
44536
42387
42058
42249
42504
42215
42420
42705
43013
42325
42968
42585
43400
42334
42174
42141
42722
42260
42555
42406
43060
42658
49530
42190
42614
42520
43014
42425
42779
43650
42696
42180
42665
43991
41866
42720
42750
42002
41985
43893
43193
43549
42440
42214
42291
41884
42158
42220
42273
42909
42842
41859
42672
41921
41999
42486
41773
41912
42406
42231
42677
42081
42261
43139
42066
41813
41882
42603
42560
42515
42997
43485
42458
44612
42254
41791
42226
41849
42338
42390
42816
43032
42805
42322
42133
42045
42743
42177
42460
42913
42129
42342
42807
42500
43278
41835
42400
42224
43483
43717
42939
43419
42525
43890
42462
42311
44757
42277
42524
42035
42200
41985
42881
44148
42442
41941
42235
42755
42100
42346
42920
42013
42440
42016
43265
42000
42379
44542
43003
41962
42090
51750
42413
42413
43034
43840
43051
42761
42620
43026
42211
41957
41850
42316
41947
42560
42910
42147
42317
42194
42303
42175
42607
44671
43190
42043
42202
42676
42928
42494
42030
41709
42642
42397
42305
41828
42645
44650
43848
41207
42448
41860
42577
41956
43196
41725
41805
42488
42553
41485
43055
41875
42795
41976
43048
42517
42549
42085
42206
42385
42633
41805
41779
42377
41993
43828
42289
42565
42316
43812
42654
41915
42225
41883
42288
43870
42257
52300
42769
42789
42762
42159
42620
42058
42497
42751
42907
41804
41946
42236
42284
41654
42205
42116
42514
42365
42190
42352
43229
42424
44427
42258
42192
42283
42610
42955
42567
41950
42298
42210
42421
42360
43223
42775
43373
40128
42864
44186
42260
42496
42221
43874
41985
42797
42920
41735
42418
41628
42247
42268
42105
42538
42917
42457
42981
42533
42770
42003
42757
42488
42190
42770
42269
44260
43029
44017
42534
41825
42278
41405
43581
42295
42442
50089
42443
42885
42540
44214
43379
42066
41830
42205
42360
42339
44135
42770
44223
42775
42117
42716
42283
42189
42075
42305
42860
42366
44131
43024
42552
42390
42508
42055
42186
42419
42350
42301
42841
42974
42268
41963
43068
41875
42629
42515
43110
42153
42572
42521
42374
42440
42365
42200
41915
41574
42334
42219
42210
42285
42476
42208
42180
42155
42545
44028
42665
41835
41931
41963
41770
42141
42100
42273
42435
42425
42350
42517
42509
42253
42950
42437
45049
44410
42776
42203
42478
41895
42467
42555
42567
42600
42589
42115
44383
41909
42276
41960
41870
42067
41957
41919
42328
42070
42800
42125
41730
42278
42053
42363
42438
41878
43131
43920
51957
42090
42563
42110
42133
72965
41629
42353
42826
42558
43210
41970
42430
42724
42096
41882
42300
41345
42077
42010
42541
42540
41846
41866
42875
41558
41695
44110
42908
42320
43558
44541
42782
42236
42312
42221
43044
42026
40883
41727
42193
44094
42687
41845
42625
42131
42975
43157
42685
42220
42180
43027
41568
42160
42384
43495
42190
42100
42343
42430
42329
42942
42989
43819
42295
42870
43188
42235
42178
41907
42379
41912
42237
42565
42818
42797
52347
42974
42473
42075
42502
42402
42489
41820
42481
42393
42324
41940
42438
41951
42220
42396
42502
42814
42755
44242
42920
44058
42449
42150
42265
41834
42023
42103
42241
42214
42756
41937
43131
44788
42283
42153
42018
41499
40097
41926
42050
42189
42683
42186
41970
41707
42013
43698
42026
42539
42635
42660
44433
42381
43169
42120
42589
41884
42740
43545
42285
42370
43401
41856
43034
43366
44307
41810
42860
42551
44011
42033
42360
42976
43044
42261
49102
42473
41763
42565
42380
41880
42660
44180
42862
42364
42458
42057
42825
41726
41699
41618
43376
43039
42931
41830
41723
42103
42580
42525
42850
42209
43362
42521
42364
42515
43855
42036
42144
42331
42035
42583
42467
42173
42685
42563
42275
42323
42360
42114
42186
41427
42757
41643
42254
42659
42926
41977
42748
41945
42610
42226
42755
42058
41910
42062
42510
42950
42849
44190
42723
41730
42251
42485
42360
42156
42820
43654
42488
42910
43090
42046
42930
42247
42074
41760
42462
42110
42895
42459
42957
42303
43115
41843
42198
42785
42370
42405
42938
42455
42748
41548
44148
42268
41870
41873
42793
42842
42354
42394
44240
42656
42205
41861
41961
51284
42820
41790
42579
43635
42924
41745
42238
42265
42566
41730
43010
42125
41860
41934
42651
42001
42532
42020
42291
41700
42050
42420
42768
41931
42793
44015
44481
42427
42005
42495
42317
41795
42209
42493
42565
42230
42446
41557
42339
42144
42845
42109
42682
41636
43121
42066
42236
42300
42333
42205
42605
41680
42206
42400
42145
42148
42091
42817
42643
43704
44590
42100
42089
41778
42540
41787
44776
42312
42635
41767
43014
42390
42399
44106
42695
52617
42475
41940
42770
42424
42710
42318
42204
42498
41927
42546
42981
42061
43596
44290
44763
43006
42470
42124
41949
41973
43097
42016
42948
42281
42518
42018
42180
42780
42303
42435
42898
41948
42187
42279
42505
42566
42540
40300
42129
41895
41988
42445
43040
42820
44703
43998
42500
42152
44670
42549
42515
41670
42084
43435
44717
44345
42010
42909
42169
42135
27366
42505
42898
42490
42073
42175
42459
42810
42662
41810
42324
41800
42325
42559
43018
49810
42614
44310
42835
41956
42674
43432
42218
41855
44083
42201
42705
42875
42891
42068
41823
42238
42261
42550
42115
42084
42421
41938
42355
42120
42877
41911
44025
41752
42812
42039
43000
41918
42390
42725
43092
42504
42579
41731
42225
42322
42515
43840
42758
40867
44337
42713
42416
41960
42698
25600
25279
25044
25132
25189
25293
25511
43322
41965
42471
42199
42359
42049
43027
42285
42178
42521
43245
42460
43032
42505
42650
42556
42490
42075
42390
42333
42807
42755
42338
41463
42445
42445
42308
42133
42306
41619
42520
41785
44938
41805
42234
41870
42325
42670
42333
41684
43089
44671
42430
42740
44468
42500
42135
42218
42089
42533
42998
42213
54178
42157
42880
41986
42452
41495
44764
42172
42226
41513
41642
42006
42685
42204
41843
42364
42551
42470
42601
42389
44600
42230
43389
42311
42925
42032
43096
42305
42530
42002
42227
42116
42544
41840
42006
42489
44196
42808
41221
42168
42947
41855
41869
43684
44700
41439
42270
41830
41835
42386
42795
42065
42350
45045
44710
41921
44539
42804
42213
43180
44550
42925
43227
43512
44870
42850
43164
42737
43710
43310
43400
42708
43440
43129
43265
43103
54350
42624
42410
42335
42579
42543
42665
42395
43065
44139
44565
42656
44611
41767
42370
42014
42203
42251
42555
42905
42781
42163
41979
42091
44001
42070
42424
41875
43132
42660
41903
42636
42890
42530
41710
41769
42192
42040
40718
42235
42179
42943
45291
42632
42661
42306
42033
42160
42222
42200
41830
42389
42514
41900
42776
41792
42663
41633
43010
41997
41731
42000
42107
42649
42339
41995
42297
41975
42163
42328
42272
45325
42376
42740
43625
42626
49660
41984
42383
42707
41845
41743
42127
42375
42340
42261
42300
41651
42050
41955
41846
41968
42729
41625
42015
42100
42663
44548
42165
42134
42129
41990
42370
42217
42565
42156
44810
42675
42685
41914
42210
42050
42808
42020
42431
42220
42876
41931
42949
41917
42638
41975
42888
41611
42104
25666
25457
25195
25085
25440
25390
42111
42005
42250
42761
43536
42425
45065
42974
42784
44311
42374
42520
42265
42960
41904
42292
42100
42914
42040
42455
42560
42437
42330
41980
41939
42555
41723
42432
42438
43085
41750
42311
42468
42195
42803
43334
42345
42705
44253
43992
42547
42830
42245
42207
42092
42342
41854
42381
42527
42695
42060
42903
42428
44252
51024
41898
42115
41918
41660
42169
41929
43265
42537
42270
41774
42102
42610
47067
42480
42231
42706
44378
42935
44305
42034
42942
41738
41718
41822
42070
42777
42768
41768
42039
41966
42400
42300
42585
41964
42309
41960
42026
40715
44458
41786
42345
41880
42043
42326
42539
41986
42643
42396
44915
42749
44052
41719
41852
41839
42107
42491
42030
46178
42421
42305
42768
42679
42934
41893
42715
42383
42220
42456
41834
42657
44320
43956
42711
41876
41773
52848
42586
42264
44425
42975
44510
42192
44494
42038
41986
42245
42098
42204
41887
41985
42303
42150
42304
42643
42675
41560
42071
42279
43254
41925
42329
42575
43238
42429
42480
42275
42270
42404
42824
42101
42756
44305
44408
40502
43773
41854
41812
41889
45843
42204
43770
42129
42436
42185
43229
42715
43087
42124
43100
42255
41951
42352
42560
42537
44522
42383
42296
42044
42428
41873
42060
42450
42422
42199
44077
43469
44190
43354
42690
42573
42906
49861
42724
42211
42626
41758
42252
42684
42886
42041
42505
42452
43096
42790
41795
42551
44995
42444
42538
42251
42024
42236
42311
42860
42426
42625
43934
42930
43765
42243
42150
41922
42201
42110
41830
44599
42152
42139
42545
41862
43070
41938
42584
42052
42198
42306
42500
42625
45140
42453
42382
41777
42750
42559
42131
44009
42373
42683
44285
42348
43704
42201
42637
41830
42130
42186
42132
42504
42583
42140
42265
41969
42490
41714
42157
41869
41935
42093
41972
42337
44164
43800
43066
41901
41962
42510
42656
42107
44305
42423
42792
42546
43956
42125
42559
43936
42358
41994
42543
42060
42660
41983
44273
41817
42502
42557
41727
42197
43909
41951
51255
42026
43317
42063
42387
42252
42002
42462
42566
42116
42506
42367
42924
42279
43096
42296
42100
41631
42435
42127
42445
42868
42861
41770
41802
44224
42228
41935
42075
42210
42985
42114
42533
42165
42660
42478
43281
41782
41031
42280
42040
42204
42638
42264
44281
42923
44326
41792
42339
41787
43104
44452
42870
44850
42543
42330
42660
42768
42405
41645
42296
42621
42431
41718
42554
44269
42812
42590
42434
41737
41850
42739
44944
42690
42794
42665
53240
42728
44015
42098
42702
42271
42534
42130
42273
42406
42405
42154
43041
41950
42582
41958
42215
41784
42740
41698
42390
42092
42665
42138
41960
42220
42551
42540
42450
43633
42463
42299
42870
42016
43414
42051
42273
41780
40549
42245
42007
42397
42320
42195
42991
42521
41950
41973
42410
42199
42238
42474
42965
42689
42980
41833
42392
42200
41917
42468
42765
42104
44047
42859
44166
42502
42799
42004
42223
44186
42670
41803
42194
42435
42590
42749
49149
41891
42161
42580
42180
41556
42325
42341
42362
42527
44344
42079
42259
41878
42081
42430
42493
42182
43041
42342
44350
42484
43907
42456
41811
42793
42640
42460
42376
42977
42545
41741
42319
43544
42045
41881
42280
41922
42120
41636
45554
42738
42503
42060
42101
42056
42275
43867
42072
42570
43089
42271
42656
42237
43994
42143
44016
41940
42410
42037
43060
42352
42365
42485
42053
41920
44390
42388
42324
41887
42735
42623
41687
42917
42600
42123
42358
42306
42103
44350
42360
42108
42286
42455
42477
41915
42218
42225
42238
27303
43076
41909
42157
42257
42443
42375
42115
42019
42153
42130
42462
42485
43024
42407
42361
41973
44121
42405
41995
51506
42202
41925
42584
42549
42407
42780
42613
42183
42505
41723
41695
41894
42113
41715
41810
42954
42620
42207
42127
41715
42170
41551
42127
41740
42449
41924
41804
42627
43048
41863
42530
41986
41970
42370
42561
42010
42324
41886
42699
41901
42483
