Latency
47221
46424
45356
45604
45828
45908
45428
45075
46224
45953
45613
45751
45177
44682
45271
45803
46862
46193
46860
46531
46673
46470
45857
46306
44618
46736
46176
45311
47872
46146
44731
46683
46384
46118
46701
45031
46020
46907
46010
47015
47148
46893
46517
46678
46252
46177
46202
47858
46796
46687
46638
46705
46513
46244
44506
46897
46162
47097
46323
46671
46016
46514
46496
46255
45934
46180
46265
46050
46334
46644
46647
46557
46428
46625
44926
45912
46313
46520
46144
46502
47458
46635
46552
46513
46755
46915
46223
47840
45972
46448
46530
44524
45270
46328
47818
46446
45078
44687
46455
46233
46605
46838
46985
46214
46591
46301
46145
47106
46720
46610
46795
46736
46912
46578
46350
46718
46127
47372
46786
46312
46633
47270
47082
46928
46725
46778
46402
47990
44874
46898
46948
46334
46086
46740
47630
46663
46377
46073
46256
47298
46644
46905
46560
46855
46526
46736
46404
46971
46300
46995
46220
46945
46126
46573
46676
46572
46501
46462
47458
46961
48404
46316
47486
46550
46252
46314
46975
47580
46313
46735
46263
46542
45893
46576
46496
46561
46335
46698
46308
46618
47293
48513
46603
46600
44775
45242
46365
46694
46414
46940
46864
47330
46517
46596
46880
47411
44640
44972
44696
47098
46878
46775
45925
47017
44810
47122
46611
47892
46233
46611
46610
47048
46856
46774
47846
46911
46718
46755
45976
47287
46364
44741
46220
46608
44415
46312
46765
46603
46384
45360
46837
47707
46331
46956
46434
47300
46335
47378
46243
46846
46723
46848
46876
46143
46655
47244
46417
47270
44955
47088
46286
47278
46557
46783
46645
46365
46352
46448
46223
46466
47001
47553
46714
47075
46652
46586
46603
46327
46516
46855
46375
46727
47280
46747
46428
46253
46990
47358
44926
47214
47953
46972
46544
45541
46633
47005
45373
48118
46993
46442
46764
46963
46853
46883
47268
47293
46695
46708
46585
46554
46751
47812
45963
47643
46127
46852
46308
46898
47067
46616
46467
47562
46397
46792
46793
46876
47217
46557
47035
47394
46052
46871
47010
46884
46281
47170
47122
48231
45385
47194
45161
47631
47246
46885
46171
47284
46568
46787
45437
47233
48050
49386
46670
47702
46528
45062
46405
46585
46888
46527
46833
47014
46864
46756
46660
46863
44775
47447
45416
27941
27226
26850
27176
26960
26891
26892
27064
27026
26887
26967
27064
27093
26967
26921
26951
26811
27067
26935
26797
26920
26942
26882
27001
26808
27110
26593
27056
26774
27097
27072
26985
26832
26971
27197
26998
26960
26878
27088
27033
26937
27256
27021
27053
26902
27104
27050
26932
26821
26863
27026
26826
27067
26905
26785
26921
26950
26830
26873
26970
26844
27054
26818
27073
26784
27112
26897
27216
27058
26912
26941
27133
27032
26941
26912
27156
26913
26860
27068
26782
46766
46735
46664
46808
46711
46264
46413
46596
47154
46342
46291
46988
46427
47336
46808
41387
46623
46710
46832
46792
47022
46302
47860
46634
46448
46900
44818
45450
46518
46837
46365
46498
46375
46338
46976
44780
46267
46743
46695
44542
46597
46363
47057
46631
46328
47073
47178
46302
46145
44760
45167
46836
47163
45914
46925
48277
46814
46668
47052
46541
47063
46742
47790
46053
45394
46631
47102
46542
46732
46790
46775
46391
46933
46471
46733
44710
46578
46581
47384
46932
47571
47127
39927
27216
27196
26974
27152
27221
27155
27060
26565
27120
27300
27203
27015
26906
26837
27156
26903
26926
26973
26881
26971
26957
27176
26904
26830
27105
26865
26945
26922
27334
27312
27042
26965
26824
26864
27041
26887
27090
27147
26797
27346
26992
28585
26917
26940
26957
26818
27155
26877
26946
26903
27135
26825
26973
26932
26875
27117
27022
27010
26971
27308
27060
27145
27107
27126
27192
27146
27303
26876
26991
27072
27176
26874
27034
26895
26938
27111
27281
26942
26985
27276
46413
47008
46784
46632
46392
46684
46751
46410
47141
46761
45046
47232
47962
46763
46792
46736
45066
47420
46736
48802
46826
46477
47628
47167
46881
47501
48013
47218
46637
47144
46905
45520
46483
46642
46736
46828
46606
47900
46635
46400
45285
46885
47127
46925
45004
45987
46204
46840
47527
48042
44792
47134
46941
47095
46476
46885
46591
44823
46898
48296
46724
46645
46428
47550
46466
46396
46587
47393
46997
47002
46332
47051
46166
48061
46936
47727
46114
46777
46997
46641
46740
47131
46621
45137
46370
46963
47363
46580
46455
46683
47031
46613
46664
46835
46555
46082
48160
47811
44740
46873
46795
46687
46736
47554
47085
46886
47562
46831
46415
47640
44895
47065
46704
48635
46743
46553
47045
47163
46692
47190
46725
46580
46793
46755
46278
47178
46826
46498
46415
46791
46653
46534
46584
47027
46321
46294
45341
46385
46206
47694
46264
46620
46330
46726
46325
46870
46637
46611
46511
46635
46754
47248
47138
47824
46723
46691
46754
46605
46491
46835
46211
46457
46682
47191
44845
45626
45127
46635
46666
47516
46927
47356
45142
46833
47165
46415
46564
47183
44600
47932
46434
46756
46996
46627
47941
47006
47173
47050
46926
47005
46722
46552
44730
46338
44682
46743
44755
47332
46313
46687
47120
47003
46636
45132
47408
47182
46948
46560
47221
47302
46142
46631
47222
47130
46572
46824
47364
46751
47230
47681
45254
45577
46993
46365
47518
47085
47640
46212
47231
46922
47098
46718
47615
48311
46291
46830
45482
46997
47057
47055
46455
47084
46075
46746
46364
46740
46913
47417
47714
47148
45178
47402
46433
46758
46757
46898
47021
46656
46508
47848
46804
46787
44712
46798
47060
46658
46453
47190
46671
46818
47200
47304
44962
49113
47053
46560
47157
45845
46940
46350
46658
46457
47584
47190
46931
46818
46954
46430
47078
46718
46836
46308
46437
46356
46581
47000
47043
46512
46032
46785
47446
45106
46771
44791
46771
47032
46946
46848
47421
47358
46504
46768
46600
47470
47103
47183
46915
46726
46696
46890
46803
46660
46494
45912
46210
46587
46685
46433
46667
46813
46170
46970
46733
46881
46667
46727
47265
46696
46713
48072
46386
46942
47203
46635
46172
46874
47722
46826
46500
46694
47086
47165
46721
47428
46328
46408
46897
47775
45431
47010
47956
46513
46074
46736
46753
47041
45081
46780
46925
47472
44993
46832
46713
47368
46447
46844
46688
47085
39671
42803
45157
46613
46374
46360
46211
46605
48198
46731
47261
46437
46501
45185
46670
47900
46547
47108
45338
47267
46624
46763
46623
46467
45512
46797
44898
46538
46526
47388
46975
46427
46566
46844
46478
45291
46687
46156
46768
47380
46864
47406
46607
46783
47053
46707
45661
46672
46311
46742
47238
46727
46706
46251
45915
47623
46303
44811
46320
47072
46928
47096
46585
46675
46761
47443
46444
48704
47061
46206
47350
46468
46270
46293
47150
47145
46224
46582
46555
46554
46442
47268
47393
46540
46462
45431
47136
46532
47467
45058
47122
46927
46773
46945
46281
46147
47105
47497
46637
46628
46823
46510
46221
46423
46611
46924
46586
46632
47190
46258
47081
46497
45571
46541
47374
46972
46906
46346
46638
46732
46591
45122
46360
46824
46468
46488
46551
46796
47762
47052
45420
47062
46517
46833
44860
47192
46024
44993
46534
46873
46593
45951
46864
47720
46144
46903
44894
46547
46862
48386
46981
46525
46322
47215
45072
46973
47056
46830
47092
47456
46988
47615
46582
45515
46522
46625
45434
46774
46457
46668
46132
46444
46277
46457
46650
48004
46112
47451
47143
47226
46641
46746
47522
46385
46510
46261
45965
46918
46426
48032
46795
46401
46703
47005
46384
47164
46988
46953
45031
46320
47030
46604
46302
46460
46643
46702
46671
46724
47333
47220
46474
45148
46662
46846
46576
46257
45983
46441
46471
47311
46443
45037
46660
46805
46436
46760
46512
46565
46420
48322
46541
46383
46742
45200
44872
46761
46601
46790
46883
46690
47094
46761
45456
46331
46878
47554
46251
46591
47037
46954
47430
47168
46503
47176
47511
47101
46726
47278
47605
47215
46614
46604
47420
45104
45246
47458
47354
47241
46146
46678
46602
46738
45173
46767
44781
45565
46724
47163
46731
46426
47191
46417
46493
47086
46610
46621
45297
47477
47976
46650
47906
45371
45224
46393
46406
46955
46506
47091
46691
46598
46745
46525
47938
46592
46102
46606
47076
46881
46797
46858
46554
46876
46287
46948
46453
47120
46725
47337
47093
46958
47292
47185
46701
45387
44835
46320
46732
47182
46936
46242
47732
46691
46286
46884
46767
48063
44657
47102
47296
46705
46516
46748
47671
46803
44520
47086
46540
47334
46734
47454
46447
46955
46708
47531
46972
46888
46668
47315
46102
47282
46771
47173
46548
46222
46944
47162
46517
46237
46998
47610
45205
46875
47095
46528
46932
47245
46215
47476
46620
46958
46500
46661
50376
46682
46801
46935
44871
46694
46918
47972
46283
47448
46800
46643
46538
46146
47962
46298
45820
47342
46133
47050
45846
46988
46703
46565
46636
46851
47624
48003
46851
46656
46535
46780
46966
47424
45006
47045
46547
47172
46842
47302
48091
47102
45063
46830
46451
46802
46578
47577
47094
47106
45310
47607
46758
47425
46708
47037
46458
47247
46756
46628
46734
46986
46654
47923
46741
47246
46535
45076
44645
46675
46072
47153
46693
47840
46910
46305
45968
46912
46562
47060
45258
46628
46607
46532
47101
47371
45160
46918
46935
47074
46343
46378
46424
45166
47223
47305
46700
46275
46622
47201
46754
46878
46688
47283
46931
47383
46945
46617
46818
47517
45923
46607
46783
46227
46826
45468
46696
46966
46888
46778
47565
44957
46693
46586
46518
46430
46790
46648
47376
46796
47018
46386
46470
45323
44907
47431
44611
46856
45324
45053
46667
47526
46381
46704
46558
46866
46986
47502
46892
46711
44853
46688
46746
46880
46123
46775
46268
46702
45018
46852
46951
44692
46460
47365
47194
46663
44647
48543
46181
49213
46925
46791
46221
47290
46598
46682
46930
46833
44716
46578
46753
46923
46443
46316
46606
46653
46234
47105
46631
46841
47038
46546
46540
46792
46438
47284
46531
47313
44772
46943
47591
46746
46644
46543
44734
46612
46392
47573
46447
46195
46320
46737
46431
46918
48444
46725
46788
46535
46021
47153
46743
47024
46768
47533
46460
46773
47265
47131
47088
47097
46665
46624
46782
48304
46058
46693
46618
46824
46186
46196
46854
46890
44938
47394
47220
46261
46740
46636
46748
46976
46303
46111
46232
47443
47044
47304
47115
46861
46938
46475
46315
46931
46916
47133
46745
46937
46655
46742
47392
46960
46663
46737
46505
47201
46398
46448
46440
47331
44748
45001
47265
46802
46711
46971
46201
46676
46467
47422
47502
46782
46634
46972
46923
47138
47522
46702
47656
46766
46603
44783
46273
46391
45041
46315
46982
46138
44588
46690
47520
47140
47425
47132
46470
46297
47161
46928
46581
46801
46715
47363
47317
46611
47054
47247
46386
40112
27133
26890
46466
47524
46871
46433
46375
47270
47523
46457
46920
46811
46033
45211
46411
47820
46794
46458
47251
47470
46152
46712
47050
46710
46732
47233
46923
46554
46381
46612
47185
47165
46355
46168
47656
46470
47267
46758
46623
46725
47230
48355
46538
46231
44526
47147
46390
45004
47743
46776
46665
46772
46807
47263
45432
46557
46618
47312
46513
46615
46997
47013
45984
46420
47030
47015
47663
45013
46357
47025
46857
47335
46296
46663
46835
46598
45128
46991
45198
46753
46911
47567
44763
46162
46127
46818
47063
47833
47484
47045
47311
46811
46425
46755
46644
46806
46635
47016
47334
46822
46654
44627
46546
47225
47011
45521
46981
46902
46232
46570
47186
46767
45000
46571
47175
46358
45794
46935
46757
46671
47281
47740
44853
46617
46636
47292
46161
47272
48708
47206
46886
46604
47193
47098
47178
47921
46565
47267
47414
46882
54697
46664
46866
46272
46890
46798
46406
46465
47083
46654
46336
46671
47186
46895
47211
46440
47351
46640
47180
45378
44552
47183
46594
46320
44928
46744
46595
46955
48793
45033
46718
47410
44624
47454
47092
47858
46656
47192
46922
46521
47220
46518
46602
47154
46923
46921
46363
46484
46774
47292
46680
47127
46511
46603
47398
46894
46547
46945
46625
46768
46637
47563
47203
46182
46412
47131
47080
47008
48130
46686
46617
44974
46106
46983
46637
44976
47032
46563
46610
46808
47040
45811
46996
46923
47222
47210
46371
46918
47120
47031
46752
46472
47112
47321
47086
47230
45948
47257
46571
47034
46733
47042
44827
46940
47563
46325
46238
46570
46711
46583
47146
47146
47128
46620
46668
46858
46611
46285
46832
46894
46110
46837
46433
46464
46101
46628
46837
46264
46216
47376
46630
46587
45425
46831
46370
47360
46326
47193
47371
47357
46521
48260
46273
46627
46608
46828
46344
47490
46981
49374
45127
46430
46322
44554
46528
47592
46215
47126
46878
46747
46661
46788
46994
46894
46604
46481
46908
47412
46626
47728
46847
46327
47302
47271
44952
46372
46185
47465
46796
45341
44825
46761
44766
46433
44577
46274
46645
46743
47412
46324
46733
46903
47103
46628
46474
47851
46570
46660
46366
47070
46727
48141
48300
47021
47048
47134
47282
47157
46677
45482
46872
47634
46324
46884
46182
44890
46738
46863
46442
46811
44527
47710
47270
47688
46656
47497
46517
45365
47552
46653
46843
46201
46017
46763
47162
46815
46741
47261
47038
46956
46402
45340
47721
46670
46288
46408
46572
46671
47688
46667
46846
46498
46626
46287
47095
44571
47214
46906
47561
47025
47584
46172
46958
45124
46253
46765
46191
46712
46985
47290
46871
47028
46535
46826
45381
46676
46787
46766
45005
46536
46890
45041
46415
46158
47253
46633
47231
46935
46352
47232
47138
47084
47140
46913
46915
46457
46150
46702
46942
47193
47138
46671
46783
46735
46757
46636
46778
45491
47488
46832
46565
46446
46485
46320
47231
47634
46918
46683
46782
46825
44818
46863
48607
47258
46011
45386
47063
46722
46267
47223
46742
46500
45962
47322
46535
47028
47562
48136
46707
47108
47031
47111
46465
40107
39910
46921
46688
46841
47014
46465
46568
46281
46448
46735
46181
48695
47601
46510
46735
46801
46430
46714
46295
47455
46670
46810
47400
47357
46262
46367
47384
46722
46885
46251
47320
46556
46580
46360
46918
46912
44954
46504
46630
46714
46150
45161
46982
46598
48073
46520
46945
46816
46050
45498
46624
47386
46281
47596
46847
46353
46764
46898
46907
47124
44852
46504
46777
46976
46382
46266
48351
46521
44975
46247
47213
46668
47060
46670
46567
45356
45018
46704
46355
46796
45057
46912
46713
47047
47135
46661
46463
46900
46344
46604
46460
46826
46826
47216
46993
46606
46410
46283
46471
46388
46263
46122
46830
46488
46620
46771
46310
46718
46297
46128
45130
46830
46392
47292
46521
47333
44914
46458
46480
46198
46836
47521
45908
46708
46347
47078
46455
45857
46803
46624
47300
47395
45844
47465
46762
46528
45865
47352
47025
47025
46575
46890
46667
47060
46703
46666
46516
46633
46708
47274
45368
47007
47226
47517
46128
46748
46537
46034
46722
46721
47214
47110
47151
47453
46370
46731
46348
46991
46744
45546
45281
48304
46854
46388
44783
47395
46408
45091
47456
47527
47040
47455
46738
47601
46842
48970
46648
45393
45187
46682
46588
47777
47181
47340
46418
45140
46301
47830
47340
46832
44615
46836
47026
46722
46670
46746
46604
47211
45237
46986
46092
48548
47378
46898
40554
39795
40244
46676
46592
47161
44975
46657
46131
47281
46877
46137
46862
47270
46708
47211
45208
45966
47128
47368
46930
46821
46765
46757
46344
47231
46268
46640
46878
47284
46830
47061
46753
46988
46658
46934
46311
47418
46352
46830
46521
46403
46636
46433
47373
46820
46761
47643
44798
47480
46566
47292
46342
46763
46455
47088
46248
46814
46233
47135
46425
46598
47582
46763
44902
46727
46580
47132
44872
47200
47047
46440
45017
46967
46242
49118
46003
46815
54086
47035
46822
46800
46070
47210
47691
46737
46323
47220
46402
47093
46852
47113
46870
47183
46651
46854
46293
44852
46852
47137
46432
46673
46778
46897
46734
46596
46520
46826
46642
46576
46740
47081
45027
46677
46533
46822
46552
46936
46773
46504
46178
45640
46137
46685
47556
47121
47287
44991
47103
46726
46767
46610
44538
47135
44895
46488
46845
46966
46712
46567
47115
46865
46570
44850
46591
44637
45902
46535
46850
46684
44885
46455
45002
46875
46287
46826
46583
46502
47166
46642
46550
46958
46432
46794
47207
46777
46112
46685
46915
46445
46330
48015
44984
46441
44900
44740
46486
46307
44658
46481
46190
47080
47006
46754
46226
45354
45061
46578
46978
46844
45233
46617
46684
46487
46868
46284
45847
47193
46201
46590
46466
47090
46793
46934
46317
46716
46494
45467
46522
47277
46283
46796
47065
47342
46380
46540
46586
47498
47371
47031
46712
47347
46933
47062
46576
46763
46774
47526
46274
46916
46311
46372
46867
46716
46765
46678
46416
45285
46314
46606
46785
46665
46632
47112
47083
47055
46667
46705
46601
46878
46391
47283
46510
46716
45255
47452
46755
46665
46717
46630
45870
45263
46646
46791
45797
47208
45140
47234
46783
46743
46594
46523
46523
44822
46447
46883
47322
46641
46718
47033
47428
47128
46793
46763
47272
47151
47485
46311
46931
46912
47353
47588
47177
46712
46388
46628
46597
47191
48088
46633
46364
46983
46573
46958
46808
47100
46448
46410
45043
46555
46965
45116
46566
46874
46831
46753
47058
46790
44944
48093
47310
44880
46348
47450
47350
46980
44642
47192
46948
46775
46376
47698
46154
46454
46653
46828
48877
47123
46996
46734
47138
46856
46560
46491
46361
46443
46738
46913
44728
46618
47057
46534
46656
46735
45003
47070
45935
47424
46664
47302
47076
45327
46755
45362
46268
47244
46388
46736
46971
44625
44747
48202
47251
44862
46583
45320
46986
45350
46825
46772
46176
47216
45008
46618
46922
47592
46564
46818
46973
46906
46426
45095
46901
46913
47380
46556
46957
46532
46098
46424
46938
46434
44728
46323
46711
46664
47026
46671
46561
46598
46085
48145
46167
45325
47321
47044
46532
46903
46773
46931
46390
46943
46677
46520
46281
46307
46564
47286
47376
46947
46538
46624
46172
45337
46631
46667
46937
46646
48054
47364
46764
47372
46616
46778
46810
47182
47434
47362
45413
46932
47593
47535
46348
46696
45201
45214
44811
47116
46885
46927
47007
46470
46313
44946
46936
46241
46824
46553
46623
47002
47003
46644
47005
46936
47037
46853
47055
46597
47323
46931
47367
46927
47183
46654
46817
47016
47001
46798
47170
47090
46423
48251
45823
27311
27008
27007
27324
26845
26742
27027
46405
47031
46832
47085
44932
47096
46241
47533
47101
47360
47034
47085
46920
46694
46640
46927
47060
47515
46668
47074
46986
46574
47036
46593
46683
46898
46730
47200
47386
46788
46662
47648
46827
46994
46610
47011
46428
47485
47706
46477
46737
46987
46936
46646
46693
46465
46946
47215
46367
46677
46963
46338
47330
46547
46504
45972
46763
46808
46061
46830
46712
46767
46588
47045
46625
46258
46225
46565
46736
46762
46600
46882
47280
47497
46738
46766
46548
46911
47183
46670
45494
46454
47047
46373
46476
47044
47127
45288
47031
46672
46633
44787
46606
46697
46711
46412
46473
46814
47345
47403
46164
46447
44903
46791
46132
47607
46520
47255
46833
44975
46342
47834
46697
46767
46504
47215
46192
47233
47802
46587
46566
47482
46275
46248
47154
46632
46523
47301
47155
47910
46850
47892
46956
47625
45852
46674
44605
47293
46831
47043
45057
46906
47031
45350
46440
46870
46190
46963
46987
46846
46223
47295
46547
46105
46182
46564
46398
44738
46687
46767
46388
46453
45258
46498
46516
48081
46852
46565
47111
47027
47070
47294
45013
46865
46626
45502
46934
46737
45924
46813
45022
47077
46095
46782
46723
47354
46682
46426
46173
46920
46368
46584
46750
46882
45395
46302
47085
47058
46846
46811
46470
46836
46743
46401
47096
47786
47095
46696
44998
45228
46876
46594
47701
44935
46298
44523
27650
27177
26878
27023
27082
26768
27036
47046
46448
47047
46893
46970
46711
47177
44811
47141
45957
46687
46786
47071
46928
46762
48345
46570
46524
46921
46338
45117
46393
47862
47258
47131
46783
46848
46732
46390
46570
46304
46873
46750
46280
46838
46637
46292
45295
46537
46337
44984
46767
47058
47021
47282
46903
46713
47272
44577
44586
46488
46824
46513
46890
47464
47096
44868
46630
46413
48313
46493
46675
47466
46553
47771
46730
47243
46657
47104
46243
45446
46380
47451
46671
48245
46691
47214
46558
47286
46886
46583
46313
47222
46758
46857
46794
47473
46503
47393
47070
47155
46330
46860
45041
46775
48716
47515
46746
46734
46852
46147
46506
47305
46395
46502
46681
47031
46688
46463
46487
46784
46870
47213
46431
46120
47596
48555
44594
46647
46944
46538
46254
45254
47310
45237
46637
46831
45823
46756
46547
47195
45376
47613
46315
44931
47643
45987
46264
47000
46964
46706
46514
46750
47416
46953
46483
45624
46185
45387
47084
46896
46604
46341
46801
46600
46485
46602
46293
47025
46788
47322
46665
46602
47652
46174
47266
45293
44474
47227
46221
46847
46893
46688
47265
46417
47662
46986
46385
46901
46508
46538
46527
46995
46276
46590
46321
47267
46593
46894
45222
46391
45787
45010
46738
46723
46454
48680
46515
46684
46695
45088
46583
47302
46830
47181
47077
46573
47485
47307
46840
47422
46663
46140
46132
47381
46696
46335
45960
47333
46407
46512
46246
47112
44887
46435
47097
46395
46476
46471
48207
46774
46525
46720
46427
47041
46302
45335
46623
46440
47211
46918
46445
45378
44704
46962
46941
46711
46382
46521
46942
47290
46346
46856
46810
46821
46382
45265
46650
46838
46481
46743
46381
49266
46185
47448
46697
46930
46695
47018
47896
47296
46527
46942
47110
47047
46737
46860
46174
46881
47037
46943
46718
47067
47042
46910
47068
46366
46612
46998
46508
46806
47242
47737
46325
46576
47427
46922
46736
46756
47670
47505
46946
48238
46530
47482
46400
47486
46744
46995
47057
46797
46780
47151
46757
47252
46233
46960
46886
46861
46093
48510
46844
46925
46681
46325
46894
47567
46798
47494
46804
46624
46571
47357
46510
46871
46931
47298
46255
46668
46691
46794
44778
48310
46601
46521
45941
47356
44767
46671
47047
46547
46677
47137
47665
46517
46287
47065
46324
46534
46778
46647
46296
46561
46923
47455
47455
46507
46783
46277
46304
46530
45418
47174
47022
47461
46412
44968
46792
47123
47640
46445
46883
46372
46364
46747
46663
47327
46405
47024
46915
46651
44662
46154
46594
46941
46441
47258
46357
46986
46758
47215
45937
46840
48377
46684
46185
46773
46748
46574
46655
46255
45513
46891
46724
46896
46418
45897
47611
47111
46913
46712
46752
47062
46262
47204
46795
44945
44803
45217
47693
47223
46150
47254
45204
46856
44613
46784
46137
46613
46853
46577
46308
46904
46514
46646
46676
46058
46630
46614
46691
46917
46898
46562
46356
47308
46323
46997
46324
47393
47153
46706
47563
46950
47164
47466
46793
45193
46363
46373
46886
46883
46261
46457
46682
46408
46638
47350
27208
27324
44612
47236
46277
46345
45571
47453
46876
47338
46683
46680
45132
47322
46204
47318
46701
47215
46824
46853
46582
46921
46537
46772
46665
47085
44946
40667
39857
47128
46332
46524
48763
46545
46882
47636
46417
46611
46248
47710
46302
46705
46564
46860
46374
47167
47804
46395
47036
46524
46584
46621
46141
46748
46464
46774
46735
46846
46113
47054
46860
46331
46914
46384
46938
47550
46550
47025
46424
47387
46717
45212
47074
47007
46587
46576
46871
47153
45101
47751
46401
46504
46821
46407
46748
46808
46108
44935
46071
47210
46263
46482
46732
51776
47126
46467
47341
46343
47255
46657
46807
46772
46881
46101
46573
47073
46553
46704
47257
47090
46446
46691
47281
47112
46347
45161
46455
46677
46244
47968
46615
46682
46772
46677
46231
46203
46258
46600
44964
46291
46713
47151
46451
48932
47130
46558
46152
47144
46383
45093
46235
47494
47351
46513
46816
47768
46753
47075
46918
47368
46331
45332
45983
47036
46365
46285
44585
46987
46595
47275
46123
46694
46167
47315
46758
46386
48500
47787
46932
46571
46072
46087
46327
47181
46461
46300
46908
47358
47118
47172
46324
45325
46990
46524
45908
46695
46642
46694
46852
46425
44753
44945
46117
44824
46370
47023
46958
46707
46592
47817
46502
44787
45127
46892
46630
46634
47374
47486
46905
46090
46558
47178
46772
46371
46772
47018
46261
46466
46896
46698
46182
46788
46927
46570
47140
46632
46342
46778
46482
47462
47297
45480
47573
46701
47458
47473
46724
46877
47156
46975
47426
47131
46540
46552
46738
47341
46777
46467
46472
46940
44888
46217
46571
45461
44858
46665
47232
47110
44485
46692
46711
45833
46653
46687
46575
45308
46522
46731
46551
47931
45308
46603
48824
46315
46453
47254
47190
47087
46422
48145
46691
46234
46540
46003
46230
46466
47540
47085
46560
46143
46468
47036
46572
47272
47113
47004
47427
44910
46833
47115
46670
46522
47420
46261
46947
46735
47464
46847
46378
46726
47484
46768
46843
47152
44904
46722
46854
46898
44362
48172
46696
46514
45994
47107
46787
46900
47546
48474
46970
46998
46887
46228
46004
47318
47476
47190
47863
46793
47203
46941
46754
47170
46582
47138
47648
46810
47265
47583
45424
46962
46778
46166
46841
47185
46382
47143
47081
47167
47316
46802
46556
46701
46656
46858
46700
46806
47798
46433
46503
45027
47114
46501
46626
47880
47411
46842
47568
46984
46854
46653
47080
47173
46736
44902
47047
45200
47103
46981
46443
47406
46576
46946
45360
47061
47082
46634
46617
46581
46650
48362
47143
46147
47335
46692
46513
46750
47044
46182
46805
46673
46310
47176
46501
47210
46651
46558
46835
46151
46000
45376
44907
46173
46796
46830
46840
46650
46695
46701
44956
46418
47055
46328
46763
46530
47427
46203
47266
46761
46621
48305
45903
46613
46490
45350
46598
46718
47413
44762
46520
46464
46225
46716
46841
46925
46617
47266
44866
47336
46581
47418
46606
46482
46918
46707
44991
46272
45042
47522
46516
47206
46755
45341
46626
46617
46506
46790
46813
47014
44612
46611
46761
46471
46420
46834
46581
46861
47495
46806
46380
47248
46006
46787
46732
47363
46553
46583
46697
44696
46377
45003
44676
46710
47183
44822
46258
46467
46997
46776
46784
45065
47236
44564
46378
46566
46877
46514
47290
46805
46576
46410
46660
46810
46332
46642
47198
47002
47381
47050
46945
46052
46972
46343
45172
47685
45927
46651
47256
46572
46503
46180
46457
46477
46820
46852
46933
47066
47520
47033
47215
46853
48083
46703
45305
47144
46636
46862
47363
47116
46428
46521
46411
46584
44494
46432
46755
46652
47032
46242
46477
47044
46570
46414
46495
47487
47417
46748
47002
46281
46385
46933
47131
47001
46294
47413
47011
46821
46137
47082
46484
46204
47126
47017
46542
47618
46820
46733
46911
45062
45027
46335
45263
46845
46976
47226
47220
47342
47683
46530
46553
46851
46444
46480
46643
47752
47004
47345
47007
44798
46348
47364
48382
47308
46624
47888
48145
46848
47202
46817
46014
44984
46447
46750
45516
46504
47021
46904
46797
46765
44601
46260
46471
46551
46180
46680
46471
46772
47178
44828
46756
47051
46306
46503
47663
47017
45103
46925
47354
46583
46574
44460
47487
47117
46186
46320
47284
47373
46813
46492
46638
46472
44976
44920
46667
46551
44626
47316
46908
46376
44971
44820
46873
46822
44623
47133
46225
47307
46875
46607
47001
46351
47290
46868
46597
47055
44861
46706
46458
46594
47075
46585
46322
46798
46270
46807
46437
47387
46667
47143
46384
46308
46547
46683
46813
47515
46713
46826
47302
47047
47945
46960
45270
46594
46391
47102
46026
47285
47146
46801
46733
46476
46531
45865
46588
48118
46361
46691
46224
46930
46347
46481
46213
46905
46215
47197
46768
46253
46224
46910
46485
47455
46873
47664
46652
46502
46611
47566
46438
46682
46866
46601
46656
47308
44716
47092
46163
46744
46374
45100
47033
44746
46690
47073
46571
48750
47258
46512
46566
46945
44790
46677
46348
45036
46827
47364
46712
46564
46956
47088
31862
46708
46905
47451
46791
47301
47207
46535
45204
46784
44724
46996
46960
46432
46806
47290
47347
47674
46843
46481
46656
47174
45994
47008
40665
40641
39878
27140
27004
27028
46954
47008
47060
47437
46695
46523
47033
47478
46263
47934
46580
46977
46096
44917
46381
46605
46952
46662
46723
47611
46863
46792
46404
47282
46627
47022
46766
47682
46618
47116
46707
47263
47137
46983
46342
47632
46865
47414
46642
46698
46965
47653
47751
46695
47023
46904
46621
46538
46223
46960
46702
46946
46486
46730
46507
47243
46515
46626
46282
46941
46628
47473
47253
46904
47668
46965
46538
46701
46943
45431
46055
46918
46576
46838
46093
47012
46590
47130
46658
46663
44683
46525
47658
46781
46827
46654
46528
48347
46688
48700
46117
46566
46673
47253
46913
46270
46198
47472
46502
47107
44921
44928
46335
46574
46581
46987
46958
46924
46734
47618
46802
46414
44823
45236
47382
47760
46723
46583
46926
47127
46825
46807
48182
46697
46973
46835
46780
46783
46987
47546
46562
46645
46154
47240
46245
47227
48621
45106
47366
45213
46583
47291
46447
47252
45107
47328
46926
46758
47286
46592
46668
46540
47054
47031
46901
47884
47433
46774
46492
46597
46554
46541
46747
47117
46470
46856
46903
46908
46217
47393
46651
46930
46906
46247
46565
46781
48726
46963
46457
46484
45215
46730
46466
46926
44690
47440
46937
46922
46755
46672
46194
46895
46468
46784
44761
46990
46551
46970
46783
45292
46834
45002
47744
46681
46658
46851
46587
46987
46492
47216
46791
46726
46654
47277
47260
46671
48076
46737
46691
46412
46707
47585
46722
46240
46857
46714
46434
47385
45332
46428
45871
46812
46637
46658
46935
46851
46895
46626
46784
46425
46593
46521
45473
46731
47327
46954
46976
47586
46621
46801
46623
46582
46816
46615
46685
46644
48085
47254
45406
46647
46735
46140
46442
46576
46380
46844
46566
47065
45043
46681
46812
46893
45326
46853
46984
47454
46694
46871
46687
44832
46896
46404
46246
46723
47011
47504
44870
46598
46687
47225
44533
44971
47146
47435
46842
46730
46876
46917
44642
47157
46455
46894
45155
46200
47308
46642
46937
46655
45102
46596
46702
47082
46523
47186
46258
46742
47390
47457
46742
46762
46400
47487
47287
47478
46004
47204
46348
46741
46695
47463
46470
46950
46412
46588
46570
46781
44716
45302
46325
46795
44760
46722
46646
47080
46517
45216
46495
46774
45203
47271
46352
46614
46566
47453
46727
47445
46467
47108
46066
46384
46598
47127
47664
47178
46661
46680
46716
46361
45063
47180
44807
46413
39527
39904
46721
46745
46910
46564
46943
46731
46512
46548
46263
48505
47012
46614
46505
46580
46728
47010
46545
46962
46456
44726
46912
46973
47642
46431
47050
44648
44615
46868
46307
46875
46318
46468
47351
47504
46704
47517
46345
47204
47050
46244
46732
47025
47326
46611
46336
46826
45408
46735
45286
46768
46395
46650
47352
46868
47260
46433
46564
46065
47160
46552
47087
47415
46730
47152
46560
48751
46344
46865
47436
46358
46924
47582
47150
46775
46893
47935
44788
45221
47684
47417
46245
47328
47410
46742
46494
46667
46458
46074
46671
47784
46604
47404
46500
47253
46571
46502
48572
47100
46805
46792
47180
47964
47128
47057
46218
47605
46431
46634
46101
45566
47028
46962
46866
46704
46717
48280
46643
46486
46367
46452
46566
46926
47695
46418
47392
47190
47246
46627
46744
47163
47014
46897
47185
46460
46627
46655
47174
47308
46750
46757
47462
47044
47081
40060
39703
46267
46708
47272
46680
46683
46334
46812
47260
46466
46433
48751
45220
46544
46673
46625
47965
46928
47785
45182
47258
46660
46786
46612
46844
46174
47365
46940
46273
47461
47552
47137
46905
47432
46773
46860
47258
46748
46971
46464
46904
47131
46123
44972
44727
46658
47011
46820
47217
46957
46671
46362
46978
46727
46560
45065
46566
46560
48200
46777
46396
45670
46351
46398
46792
44901
47114
44892
46902
46932
46280
46465
47111
46448
46307
45391
47046
47017
46825
46743
46430
46708
46277
45048
47241
44928
47058
46463
47307
46623
47328
47863
46215
45501
48382
45465
46262
47301
47726
46651
46273
47101
46596
46522
46341
46542
46418
47156
46984
46492
46952
46933
48997
46513
46791
46982
46844
46701
47284
46437
46485
46373
47055
46583
46256
45212
46452
46931
46616
46564
46546
46938
46776
46850
46601
46747
46477
46851
47907
47405
46263
47725
44858
44778
46778
46911
46477
45471
46414
46905
46656
46448
46985
46470
46471
46973
46678
46837
46465
45044
46026
47014
47056
46754
46526
47298
46270
46730
46501
46257
46443
46434
46422
46911
46851
47291
46125
46673
47901
46406
46366
46483
48907
46708
47157
46427
46612
46513
46713
45648
46095
46578
47204
46111
46217
46687
46901
46704
46867
44956
47193
46310
45747
47024
46634
46768
46861
46920
46567
46650
46580
44928
46365
46923
46411
46643
47581
46485
46390
46272
47136
46718
46544
46386
46606
47851
46398
44690
47358
46710
46316
46653
47350
44824
46495
46738
47186
46467
46325
46897
46500
47062
46392
46944
46631
46533
47032
46753
47098
45292
45120
46983
46255
46900
46706
47664
46764
46574
49403
46833
46344
46354
46397
46262
46610
48315
46635
47324
47181
46975
46567
45753
46123
46903
46300
46844
46353
46656
46813
47172
45085
46592
46804
47205
46577
46883
47046
46442
46651
47140
46711
46512
46237
46713
46828
46652
47167
46140
47876
47142
46567
47453
46847
46606
46565
48035
46770
46965
44613
47275
46745
46827
45155
47630
47222
46814
44652
47244
47064
47518
46298
46945
46588
46780
46881
46702
46544
47038
46946
44762
46835
47801
46415
46741
46980
47284
46435
46824
47510
46546
46256
46804
47336
46171
46735
47104
47467
47244
46306
46778
47642
46618
47145
46772
46906
46724
46531
46697
46346
47616
45227
45881
46286
44907
46622
47142
46961
47261
46317
46650
46521
46652
46231
46794
47034
46752
46381
46782
48082
46540
44513
45331
46361
46463
44925
47445
47271
46954
47095
44938
46282
46437
46371
46947
46594
47216
47706
46520
46330
47073
47527
46571
44591
37195
47274
48961
46885
47020
47424
46438
46832
46761
46741
45506
46444
46793
46843
46968
47895
46555
46335
44798
46238
46481
46807
44488
47145
46797
46357
46338
46546
47141
46341
47101
45135
47251
46693
47780
46693
46594
45934
46351
46397
47177
46353
45634
47022
47095
46264
47151
46575
46702
46245
46827
46646
46342
44818
46848
46924
45238
46978
46982
46682
47072
47137
48843
44817
46892
46712
46634
46268
46445
46915
46578
46524
46830
46536
45311
46260
46982
46444
46876
45004
47016
46722
46614
46475
46625
46495
46690
46167
47053
46676
47422
46811
47554
46636
47091
44945
46681
44997
47553
45047
47158
44651
48267
46445
47508
46913
46985
46177
47092
48286
46690
46573
45325
46295
46751
46357
47501
46694
46732
46525
47327
46675
46454
46971
45295
46437
46412
46487
46690
46730
47021
45222
48018
46462
46970
46907
47118
46794
46997
46745
47445
46657
48466
46572
47380
46501
46647
46588
46672
48164
46698
46510
47711
46883
47416
45203
47743
46722
46893
46326
46874
45932
46701
47088
47458
44546
46414
46641
47260
46750
46571
46395
47362
47106
47451
46280
47138
46324
47002
46934
46475
46841
47667
46226
47533
46803
46797
46665
47027
46910
46102
44784
46801
46935
46661
46677
47783
46856
46421
45160
46546
46123
46904
47682
46598
46645
47233
46722
46988
46796
46662
45090
47243
46400
46117
46221
46582
46554
45223
46405
46677
46523
47738
46700
46840
47678
46592
46303
47265
47886
46503
47474
46802
46218
46738
45140
47830
46616
46814
46918
46387
46408
47203
47741
46668
46993
46342
44757
47066
47241
47388
46530
47705
46857
47384
46942
46691
46374
47380
47323
47201
47032
46672
47475
46642
46088
46581
45071
46667
46771
46474
46203
46611
46744
46880
46337
46061
46861
46671
46197
46902
46520
46556
47143
46682
46497
46337
46183
47438
46866
47051
46744
47171
46565
46633
47391
46865
46461
46748
46565
45784
46714
47978
44866
47022
46435
46335
46810
46710
48044
47004
44903
47217
44766
46607
46503
46447
46338
47372
44793
46968
46877
47207
46914
47201
47196
46870
46926
46508
45057
46953
44450
47627
46250
46886
46315
45050
45141
46551
46520
47587
46775
46763
46100
46968
46885
46688
46661
47106
48451
47163
46273
47061
46786
47613
46590
47498
46640
46544
46725
46955
46497
47215
46211
46535
47032
46762
44974
47627
46452
46765
46651
47087
46346
46145
44687
47323
46784
47092
46917
46656
46796
47595
46291
45008
46275
47305
46371
46760
47948
46540
46657
47222
47188
46505
45031
47312
46557
47147
46124
47028
46695
45107
48890
46453
46447
47026
45901
46614
47846
46572
46733
45537
47325
46783
46175
46425
46751
46720
46623
27365
27241
27110
27007
27172
26886
26925
26848
26868
26890
46600
46058
46732
47174
45276
44865
47080
46306
46305
46180
47523
47002
46612
47352
46786
45127
47168
46036
44982
46231
47751
46768
47042
46680
47482
46934
46566
45944
46531
46708
46557
45132
46851
46850
46427
46234
46756
44856
44708
47507
46213
44634
44741
46717
47221
46884
47420
47034
47021
46195
46778
46325
47370
48161
46572
46440
48235
46964
47851
44908
45398
46445
46475
45116
46921
47160
46340
46538
46321
46631
44754
46920
46548
46076
45317
46314
46891
46585
47015
47508
46947
46922
47005
46595
46450
47018
47264
45062
45917
47056
47218
46808
47122
46832
46971
46444
46855
46262
46516
46265
46655
46506
46957
46658
44633
45946
46614
44847
47196
46654
47351
46741
46977
46445
46942
47318
47245
46352
46658
47463
46837
46733
46934
46254
47294
46951
47090
44925
46743
46161
46336
46778
46820
47337
46406
46661
46704
46108
46748
46683
46972
46594
47013
46240
47390
44580
46748
45701
46698
46516
47521
47128
46551
47203
47008
46506
46790
46315
47728
47138
45238
46828
46676
46810
46512
46671
47908
46558
46992
46815
46983
47432
47461
47460
46810
46278
46667
46974
46615
47336
46801
47250
47951
47322
47262
46995
46774
46323
46910
47490
46621
45981
46837
47346
46724
46844
46524
46106
46376
47261
46877
47277
46660
47005
46718
46907
47410
46831
46637
45531
47246
46258
40463
27006
46930
46551
46905
47358
46435
46546
47680
47194
46770
47000
46561
46386
47026
46705
46682
47178
46718
46917
46124
46381
46735
44536
46947
46293
45312
47365
46897
46517
47060
47297
47144
46605
48054
46484
46440
47163
46977
46427
46435
47736
47235
46222
46382
46786
45186
46607
48414
47044
46602
45442
44577
46248
46917
46834
46483
46843
46766
46637
47054
46378
45428
46284
46643
46018
46903
48078
46918
47015
46658
46843
45020
46526
46984
46127
47225
46337
45055
46917
46702
48141
46180
46783
46331
46610
46511
46355
47098
47006
47363
46547
46481
46078
46371
46078
46915
46671
46573
46866
46355
45917
46920
46244
47194
46266
47142
45486
46538
46892
47166
46503
46685
46520
47486
46548
46500
46401
47348
46935
47274
46660
46997
45161
46871
46794
47587
45034
46951
47781
47225
46718
46556
44938
46376
45676
47122
46648
46976
44674
47046
46472
46790
46385
47382
46177
46544
46542
46401
46398
45353
46738
46760
46825
47672
46644
47062
46474
44928
46368
47395
47346
46424
46548
46912
46488
44960
46015
47065
46374
47064
45178
46464
46143
46397
48013
44926
45954
44894
46660
46874
46268
46864
46752
46790
46696
47044
46184
46241
44522
46400
46668
44915
46955
48078
46871
47332
46564
46548
46342
46632
47595
46165
45933
46595
46190
46116
46227
47584
46330
46417
46345
46715
45944
46898
46620
46462
46651
46528
46547
46504
46616
46814
44842
46488
46521
46636
46500
46914
46750
46875
46816
46684
46097
47581
46466
46407
46284
47706
46782
47214
47514
44855
46788
44760
46702
46866
46570
47655
46996
46680
46492
45133
46096
46447
46262
46340
46434
46244
46745
47284
46797
46530
46390
45158
46453
46537
46642
46707
46758
46596
46933
46746
46818
45212
46686
46325
46384
47448
46776
46270
47657
47528
46672
46497
44613
47298
46168
46896
47065
46706
46736
46390
46055
46560
46530
47071
46666
46694
46602
46725
46736
46323
46843
46840
46257
46292
46755
46264
46482
46246
47504
47037
46638
46906
45531
46781
46324
46926
47243
46756
47907
46756
47156
46718
46723
47157
46492
49877
46585
46717
46695
46865
45626
46250
46927
47013
45706
46237
47187
46513
46400
46727
46267
46774
46354
46781
47075
46507
46901
46967
46962
46662
46732
46690
47092
46301
46461
46888
46441
46432
47965
44961
46197
46323
46813
45780
46341
46751
46164
46583
46911
47052
44347
46152
47363
47273
47584
46643
46478
46964
46515
46782
46206
46948
47204
45471
47200
46481
46421
47202
46287
46734
46252
46123
46904
46923
46474
46643
46131
46658
46756
48138
44873
46512
46207
46975
47057
48531
46911
46833
46590
46024
46282
46566
47338
47260
44936
46793
46421
46607
45032
48816
46125
46905
44950
46428
46457
46686
46600
46452
47012
46393
46488
46758
46406
46427
46533
46962
47315
46232
46342
46832
46492
46680
46217
46860
46637
48760
47344
46797
46525
46516
46568
45576
47171
46641
46411
46665
46541
46536
46365
46658
46637
46945
45958
46490
46721
47547
46827
46973
46584
46634
46647
47470
45101
46392
44571
47183
46762
45163
47266
46696
46316
47520
46467
46372
46330
48390
46454
46627
46305
45272
46146
46383
48101
47387
46904
47131
46688
46972
44641
46671
46482
47292
50726
46440
46595
47555
47776
46507
45394
46935
46415
46615
46678
47102
46515
47455
46091
47247
47313
46768
44904
46773
46953
47046
46201
46701
46084
46283
46235
46506
45903
47037
47560
46973
46717
46590
46481
47294
46045
48617
44877
47030
46484
46531
46648
46673
46942
47404
47498
46856
46366
46613
45063
47471
46410
46096
46276
46716
46268
46775
46650
46635
45850
46754
46623
47530
46562
46667
46053
47234
46348
46776
46648
47535
46372
47126
46435
46744
46774
46703
44816
47087
46374
46685
46300
46716
46324
46113
46377
46538
46001
46192
46168
46021
46135
46980
44973
46578
46505
46702
46805
46417
46307
46862
46517
47394
47325
47056
46511
47251
46944
46826
47091
46690
47442
47076
44835
47101
46554
46373
46583
46728
45918
46664
46728
46511
44600
47510
46600
47052
46892
46688
44817
46550
46702
47117
44964
44920
46582
46983
46683
46346
46886
46300
46825
46880
46342
46986
46783
46415
46427
47175
46951
46467
46510
46418
46501
46143
47222
48215
44910
46442
45325
47256
46493
46872
46427
46711
46823
46624
46657
47294
47031
46846
47111
46310
46315
45160
46504
46562
44474
46690
46763
46920
44636
47860
46826
45931
46354
44657
44364
47336
47882
47395
46201
47165
46715
46498
46546
47484
46155
46983
46727
46974
46086
46805
47075
46806
44623
46865
46272
46214
44716
47477
46428
46387
47203
47324
46361
44843
45038
46113
46555
46963
46332
47982
46848
46917
45136
46516
46232
47002
47264
47301
46752
46166
47062
46878
47161
47725
45903
45405
46778
47331
46445
46260
46555
46626
46388
46758
46630
46767
47022
46337
46824
46697
45098
47145
46870
47128
47323
46785
46276
47352
46826
46915
47022
46635
46430
46550
46900
48806
47464
47287
46315
46997
45974
45155
46373
47241
47394
46672
46487
46494
47580
46550
44610
47506
46765
46564
47373
46976
44993
46625
47415
47182
46337
46728
46463
46858
46500
46547
46121
47153
46832
47174
46234
46606
46093
46772
46461
46153
46818
46427
46487
47098
46763
46366
44811
47736
46681
46634
45534
47337
47064
46735
46954
47536
45990
46540
46501
46437
46747
47251
45300
47448
46227
45720
46981
47317
46225
46253
44930
46920
46264
46721
45922
46572
46550
45882
47255
46557
47346
44758
46307
47085
44930
46350
45832
47281
46514
46702
46544
47178
47442
46694
48083
46871
47194
45480
46582
46932
46857
45514
46240
46780
46020
46101
46148
45798
46312
46774
46521
47257
46360
47065
45326
46568
46766
47385
46826
44856
48051
46950
44810
47632
46611
46511
44858
46793
46397
47153
46014
46792
46437
46978
46856
46380
46441
46792
44575
46084
46538
46414
46592
47048
47017
46963
46471
46616
46598
46640
47387
46526
46122
46784
46664
46873
46626
46885
46898
47262
46712
46894
46681
46647
46572
46480
46650
47704
46537
47036
44436
46316
44853
46022
47270
46566
46338
47098
46891
46966
45314
48655
46745
46733
46383
47387
46593
46831
46173
46820
46606
47144
46258
47024
46485
45277
45995
46655
46755
46567
46997
46724
46782
44767
46671
46423
45937
47567
47122
46897
46387
46673
46964
46547
47187
46666
47053
