Latency
32501
26550
26518
26650
26806
26441
26851
26507
26607
26830
26176
26253
26371
26232
26184
26558
26837
27008
27067
26950
26788
27037
27338
26853
27170
26957
26687
27364
26982
27191
26937
27176
26924
26982
27321
26966
26852
27218
27535
27343
27106
27101
26797
27023
26903
27064
26941
27548
26884
26933
27368
26937
26947
26853
27320
27613
26887
27104
27377
27067
27051
27478
27081
27521
26818
27331
27436
27348
27346
27268
27063
27278
27657
27213
26841
26943
26928
27330
27241
26964
26995
27090
27181
27135
27051
27168
27301
27677
27301
27420
27316
27367
27396
27567
26946
27134
27101
27611
27480
27195
27036
27416
27470
27688
27033
27237
27316
27356
27212
27473
26968
27204
27033
26936
27305
26932
27040
26951
27413
27145
27375
27454
27371
27393
27303
27218
27444
27106
27040
27173
27261
27355
27231
27310
27430
27408
27390
27186
27213
27113
27321
27376
27232
27358
27153
26843
27521
27092
27311
27123
27206
27097
27152
27322
27217
27096
27213
27647
27280
27220
27158
27310
27458
27281
27693
27335
27512
27374
27500
27533
27117
27252
27200
27227
27440
27485
27325
27247
27252
27268
27238
27240
27112
27102
27194
27456
27388
27346
27372
27826
27575
27761
27315
27174
27746
27462
26957
27528
27408
27482
27468
27295
27312
27318
27233
27406
27371
27301
27342
27197
27544
27385
27360
27136
27626
27202
27373
27561
27331
27321
27665
27641
27275
27276
27261
27875
27464
27676
27366
27504
27554
27382
27582
27443
27245
27377
27564
27320
27276
27303
27715
27070
27666
27276
27330
28236
27492
27172
27412
27081
27586
27420
27498
27514
27467
27751
27565
27820
27584
27558
27603
27476
27488
27606
27548
27397
27274
27602
27242
27195
27538
27348
27420
27212
27662
27425
27563
27382
27603
27227
27260
27472
27278
27446
27627
27520
27976
27236
27240
27332
27526
27607
27540
27567
27643
27543
27685
27281
27368
27407
27340
27750
27447
27415
27495
27278
27552
27341
27768
27226
27673
27325
27255
27711
27747
27403
27666
27426
27466
27467
27301
27620
27530
27694
27698
27460
27666
27475
27658
27846
27337
27375
27261
27695
27653
27277
27396
27467
27570
27441
27180
27458
27854
27256
27620
27361
27703
27647
27678
27612
27485
27550
27543
27427
27658
27398
27424
27633
27788
27751
27512
27458
27454
27212
27598
27455
27277
27592
27740
27385
27621
29284
27515
27346
27825
27775
27417
27636
27645
27565
27503
27500
27960
27557
27381
27294
27512
27816
27530
27667
27814
27560
27557
27715
27367
27591
27527
27533
27303
27344
27410
27654
27975
27414
27491
27205
27426
27403
27568
29035
27577
27477
27603
27687
27557
27255
27251
27518
27788
27622
27574
27516
27574
27692
27497
27506
27414
27897
27561
27385
27457
27433
27632
27544
27547
28005
27516
27313
27745
27302
27432
27514
27837
27434
27547
27706
27650
27881
27373
27387
27752
27454
27683
27598
27562
27525
27696
27786
27460
27361
27141
27580
27582
27604
27275
27647
27734
27524
27554
27342
27626
27597
27294
27545
27475
27263
27828
27690
27514
27366
27813
27821
27588
27538
27844
28010
27630
27563
27792
27724
27264
27648
27491
27535
27363
27638
27590
27275
27801
27842
27493
27538
27523
27591
27691
27565
27706
27608
27603
27232
27425
27962
27393
27230
27990
27875
27645
27537
27506
27483
27603
27490
27471
27365
27595
27833
27476
27603
27475
27395
27602
27412
27371
27692
27726
27457
27771
27577
27966
27706
27572
27524
27566
27447
27423
27466
27676
27832
27572
27788
27725
27606
27533
27495
27457
27602
27576
27634
27540
27421
27360
27827
27903
27225
27528
27417
27582
27411
27384
27652
28026
27685
27593
27648
27350
27535
27376
27618
27503
27558
27767
27565
27566
27756
27655
27644
27552
27406
27602
27520
27276
27580
27417
27270
29332
27653
27501
27337
27788
27412
27557
27431
27827
27591
28170
27833
27567
27464
27257
27450
27820
27641
27733
27556
27900
28108
27830
27752
27661
27415
27642
27505
27414
27607
27440
27602
27690
27293
27532
27407
27724
27353
27247
27540
27713
27525
27565
27822
27566
27435
27430
27426
27550
27425
27654
27635
27595
27508
27806
27466
27450
27337
27407
27563
27244
27628
27731
27205
27605
27448
27354
27388
27477
27624
27521
27565
27592
27552
27841
27640
27616
27911
27743
27618
27933
27537
27848
27860
27914
27652
27575
27471
27578
27381
27802
27326
27444
27486
27411
27327
27513
27394
27296
27366
27590
27467
27378
27568
27648
27492
27490
27333
27658
27673
27361
27353
27885
27768
27698
27696
27831
27786
27833
27396
27722
27284
27457
27512
27152
27640
27352
27538
27840
27348
27553
27373
27604
27626
27368
27731
27234
27140
27847
27680
27862
27464
27291
27543
27855
27608
27532
27795
27715
27590
27871
27414
27450
27382
27418
27537
27312
27632
27937
27293
27593
27404
27350
27426
27724
27360
27281
27455
27816
27423
27625
27546
27550
27861
27264
27465
27598
27416
28168
27217
27486
27488
27238
27316
27352
27191
27670
27600
27418
27477
27292
27455
27682
27418
27608
27361
28157
27540
27422
27651
27696
27460
27505
27397
27450
27454
27562
27531
27692
27616
27372
27701
27542
27654
27594
27464
27656
27313
27450
27467
27284
27704
27500
27402
27755
27277
27503
27682
27661
27615
27608
28065
27683
27424
27815
27198
27451
27307
27376
27601
27823
27574
27876
27564
27652
27773
27510
27632
27696
27438
27597
27827
27420
27388
27403
27213
27652
27500
27560
27415
27672
29415
27600
27526
27588
27263
27481
27898
27533
27591
27341
27756
27446
27475
27841
27771
27698
27828
27670
27876
27688
27427
27612
27528
27383
27481
27693
27381
27452
27281
27406
27317
27681
27203
27327
27728
27927
27461
27603
27578
28002
27857
27621
27802
27470
27908
27648
27588
27542
27530
27653
27507
27551
27364
27777
27844
27367
27566
27492
27352
27702
27612
27545
27337
27576
27651
27535
27593
27707
27277
27700
27526
27427
27252
27591
27947
27773
27393
27573
27862
27604
27495
27630
27861
27418
27491
27733
27525
27458
27400
27243
27688
27447
27727
27564
27404
27730
27287
27362
27511
27717
27857
27432
27661
27695
27584
27376
27516
27990
27641
27767
27485
27527
27582
27767
27444
27488
27466
27520
27436
27575
27551
27338
27470
27776
27473
27425
27462
27833
27372
27680
27832
27598
27607
27717
27324
27650
27370
27358
27448
27750
27527
27844
27458
27630
27970
27731
27503
27488
27592
27638
27366
27334
27666
27685
27261
27592
27436
27447
27441
27755
27361
27376
27872
27768
26441
26693
26996
26976
27083
26622
26463
26996
26741
26703
26765
26743
26886
26912
27075
26504
26405
26790
26678
26942
26892
26637
26630
26733
26460
26731
26827
26998
26745
26728
26768
26752
26766
27053
26898
27175
27173
26583
26577
26922
26764
26921
26831
26737
26660
26688
26871
26821
26568
26767
26904
26672
27046
26560
26694
26792
26605
26787
26464
28616
26813
26567
26754
26807
26822
27153
26415
26948
27144
26714
26846
26828
26787
27258
26874
27046
26697
26800
26916
26923
26773
26764
26993
27013
26937
26805
26633
26925
26857
26623
26818
26826
26647
26797
26938
26971
26686
26891
26982
26793
26622
26786
26615
26941
26731
26715
27062
26764
26928
26613
26884
26953
26511
26891
26518
26565
27113
26613
26676
26938
26664
26496
26500
27273
26408
26800
27074
26764
26740
26616
26544
26995
26678
26641
26706
26711
26776
27048
26938
26783
26737
27131
26728
26740
26554
26792
26705
26800
26764
26677
26315
26936
26826
26854
27010
26824
26825
26280
26634
26891
26596
26885
26636
26701
26857
26670
26664
26808
26568
26925
26793
26914
26726
26713
26860
26453
26427
26898
26426
26735
26495
26710
27054
26603
27196
26512
26486
27036
26396
26931
26894
26912
27041
26833
26808
26531
26872
26962
26655
26978
26748
26855
26976
26681
26946
27093
27034
26984
26364
26532
26741
26635
27320
26725
26461
27075
26718
26862
26695
26744
26805
26642
27031
26690
26526
27132
26910
26700
26708
26674
26987
26803
27020
26435
26664
27201
26795
27016
26836
26601
26728
26633
26494
26680
26701
27058
26780
26522
26764
26460
26801
26943
26514
26768
27015
26906
26758
26942
26758
26888
26825
26632
26663
27104
26693
26908
26765
26697
27056
26455
26835
26923
26324
27215
26642
26760
26715
26887
26633
26994
26788
26673
26680
26786
26840
26744
26698
26764
26794
26923
26667
26940
26622
27022
26681
26996
26934
26800
26977
26654
27008
27104
26716
26768
26401
26706
26830
26896
26828
26616
26711
26905
26881
26816
26658
27036
26813
26802
26731
26766
28518
26902
26677
26895
26770
27137
26758
26794
26720
26841
26812
27005
26725
26772
26798
26795
26635
26543
26972
26886
26736
26767
26630
26742
26825
26618
26927
26601
26470
27017
27013
27121
26824
26924
26747
26592
27062
26617
26687
27001
26828
26956
26701
27011
26843
27040
26765
26655
26453
26956
26644
26681
27063
26595
26842
26724
26923
27067
26598
27207
26531
26916
26854
27090
27205
26778
26744
26863
26670
26606
26936
26744
26952
26841
26884
26791
26747
27178
26586
26864
26907
26833
26988
26620
26658
27011
26577
26950
26598
26507
26988
26966
26811
26812
26608
27105
26747
26893
27071
26745
26641
26560
26864
26801
26747
26727
26760
26751
26833
26986
27097
26491
26597
26901
26664
26963
26637
26730
26731
27222
27151
26845
26623
27004
26967
26914
26471
26797
26851
26876
26884
26490
26807
26853
26780
27211
26858
26814
26842
26822
27056
26755
26790
26828
26886
26828
26485
26643
27201
26991
26285
27067
26483
26935
26803
26826
26851
26640
27124
26778
26743
26885
26774
26921
26540
26581
26814
26587
26957
26655
26721
26797
26741
27043
26737
26393
26583
27027
27066
26710
26780
26815
26473
26507
26953
26593
26657
26614
26748
26802
26750
27014
26846
27171
26817
26892
26461
26785
26791
26983
26678
26847
26704
26828
26956
26698
27024
26577
26675
26886
26640
26696
26553
27203
26680
26587
27057
26596
26896
27147
26675
26898
26782
29073
26696
26938
26822
26941
26504
26997
26798
27566
26993
27105
26893
26872
26631
26826
26710
26753
26561
26587
26762
26607
26760
26405
26597
27077
26925
26965
27106
26660
26741
26727
27103
26878
26702
26888
26973
26886
27007
26522
27050
26806
26711
26995
26693
27038
26928
26745
26743
26618
26814
26942
26695
26678
26625
27050
26875
26987
27041
26852
26816
26738
26554
26918
26886
27076
26537
26700
26820
27027
26847
26721
26711
26920
26938
26868
26750
26907
27305
27088
26925
26773
26636
28400
27234
27161
27066
27962
27408
27794
27528
27360
27205
27563
27324
27480
27527
27631
27568
27538
27628
27856
27570
27558
27415
27657
27492
27834
27620
27378
27510
27668
27492
27345
27412
27396
27418
27285
27526
27687
27286
27732
27511
27424
27610
27503
27277
27397
27488
27804
27554
27718
27770
27361
27528
27734
27306
27578
27631
27782
27850
27332
27392
27694
27498
27334
27751
27443
27546
27352
27270
27257
27510
27496
27604
27528
27507
27660
27444
27551
27566
27720
27593
27642
27687
27615
27316
27492
27775
27802
27611
27625
27650
27581
27586
27710
27517
27592
27314
27496
27254
27558
27405
27627
27287
27508
27498
27324
27591
27768
27323
27556
27413
27505
27672
27586
27652
27631
27480
27320
27516
27758
27784
27387
27556
27817
27556
27734
27630
27344
27327
27372
27702
27278
27462
27244
27331
28030
27417
27597
27272
27477
27273
27542
27582
27626
27556
27584
27771
27784
27736
27566
27623
27824
27435
27737
27664
27671
27505
27531
27608
27522
27636
27480
27394
27880
27428
27566
27173
27840
27578
27371
27311
27611
27263
27435
27382
27543
27546
27385
27690
27513
27386
27512
27535
27644
27726
27804
27552
27457
27811
27843
27592
27534
27504
27445
27664
27473
27681
27224
27571
27775
27557
27378
27328
27531
27521
27334
27364
27464
27298
27615
27278
27588
27334
27436
27678
27637
27530
27401
27697
27817
27307
27613
27771
27502
27388
27666
27548
27294
27306
27471
27231
27785
27528
27593
27542
27602
27336
27423
27543
27670
27592
27400
27615
27414
27804
27514
27615
27662
27510
27772
27628
27800
27690
27656
27518
27620
27254
27674
27614
27764
27542
27398
27371
27790
27566
27357
27243
27987
27451
27656
27562
27370
27851
27584
27617
27427
27311
27912
28118
27892
27578
27717
27693
27608
27732
27897
27533
27415
27438
27477
27502
27367
27534
27561
27266
27627
27668
27484
27450
27460
27474
27440
27487
27571
27490
27636
27742
27446
27781
27185
27697
27417
27688
27693
27460
27603
27828
27596
27745
27404
27374
27603
27812
27372
27330
27536
27376
27221
27223
27408
27444
27632
27220
27604
27411
27644
27324
27711
27610
27218
27053
27822
27535
27811
27325
28023
27536
27623
27740
27404
32066
27640
27648
27672
27295
27576
27613
27583
27476
27582
27327
27593
27326
27538
27352
27306
27868
28118
27615
27590
27346
27438
27441
27236
27591
27600
27831
27792
27573
27747
27510
27746
27328
27432
27551
27411
27716
27392
27624
27584
27380
27808
27534
27370
27570
27666
27515
27526
27704
27710
27551
27734
27492
29412
27585
27393
27562
27798
27397
27812
27548
27715
27478
27354
27537
27324
27441
27661
27526
27362
27356
27416
27408
27836
27848
27256
27223
27704
27280
27606
27512
27538
27602
27480
27930
27455
27668
27333
27704
27868
27632
28308
27560
27772
27461
27883
27536
27670
27200
27504
27508
27274
27637
27461
27662
27691
27390
27691
27287
27664
27494
27785
27938
27586
27570
27775
27891
27914
27640
27375
27602
27767
27561
27578
27856
27643
27875
27547
27453
27550
27652
27385
27580
27906
27341
27674
27288
27510
27617
27298
27414
27678
27332
27557
27432
27736
27608
27913
27794
27734
28040
27497
27460
28034
27391
27721
27610
27794
27762
28004
27611
27378
27641
27834
27795
27397
27832
27661
27566
27660
27557
27578
27217
27657
27546
27385
27398
27756
27336
27600
27568
27604
27414
27433
27428
27606
27706
27901
27675
27473
27802
27662
27514
27390
27433
27692
27423
27320
27577
27051
27094
27151
27632
27486
27314
27374
27601
27555
27700
27766
27233
27816
27696
27610
27454
27411
27664
27928
27558
28003
27537
27512
27722
27760
27711
27414
27284
27627
27344
27268
27464
27466
27473
27517
27463
27421
27281
27661
27526
27393
27382
27751
28043
28180
27397
27340
27666
27408
27730
27776
27420
27560
27763
27713
27715
27385
27281
27374
27250
27496
27423
27385
27726
27518
27560
27636
27611
27792
27346
27692
27461
27356
27585
27572
27516
27586
29263
27598
27996
27293
27573
27436
27834
27776
27857
27684
27980
27593
27543
27526
27308
27133
27401
27376
27628
27428
27507
28054
27232
27427
27470
27595
27641
27406
27338
27783
27615
27698
27638
27532
27317
27506
27863
27714
27495
28507
27536
27652
27618
27401
27822
27423
27467
27846
27315
27642
27443
27412
27713
27750
27384
27525
27412
27627
27516
27488
27551
27411
27491
27482
27548
27640
27418
27240
27480
27911
27527
27502
27512
27547
27483
27994
27504
27341
27172
27436
27526
27370
27528
27417
27427
27690
27317
27560
27108
27788
27456
27392
27641
27792
27305
27785
27521
27582
27660
27624
27715
27645
27546
27706
27495
27912
27625
27508
27601
27771
27533
27806
27471
27286
27316
27593
27340
27722
27387
27297
27462
27644
27318
27330
27494
27732
27164
27614
27673
27814
27620
27164
27623
28083
27634
27664
27485
27643
27904
27450
27605
27402
27616
27938
27436
27344
27616
27217
27297
27591
27305
27366
27360
27740
27532
27393
27614
27195
27603
27542
27585
27957
27652
27298
27408
27901
27572
27931
27705
27537
27640
27313
27442
27583
27375
27774
27283
27311
27884
27403
27430
27726
27397
27555
27212
27628
27327
27395
27736
27722
27826
27997
27495
27700
27564
27263
27733
27753
27653
27800
27832
27738
27665
27686
27676
27327
27737
27766
27513
27632
27544
27644
27411
27581
27514
27702
27475
27811
27896
27372
27928
27410
27380
27597
27566
27562
27428
27321
27512
27774
27498
27583
27582
27486
27623
27457
27557
27670
27233
27454
27315
27407
27784
27850
27554
27446
27585
27584
27436
27455
27320
27130
27781
27518
27435
27383
27498
27984
27370
27284
27786
29245
27814
27498
27363
28076
27616
27618
27515
27513
27776
27370
27654
27383
27448
27463
27277
27705
27402
27845
27302
27636
27452
27228
27670
27621
27625
27693
27375
27750
27877
27341
27620
27492
27684
27753
27358
27804
27326
27533
27766
27550
27746
27424
27414
27427
27422
27530
27628
27584
27631
27468
27327
27611
27236
27544
27532
27544
27752
27490
27814
27652
27420
27374
27577
27770
27675
27474
27515
27623
27691
27732
27815
27447
27516
27577
27521
27560
27670
27461
27477
28263
27525
27352
27435
27623
27682
27558
27786
28095
27976
27747
27512
27588
27287
27663
27424
27641
27638
27440
27591
27733
27576
27350
27362
27418
27303
27486
27395
27212
27447
27462
27194
27668
27472
27613
27435
27526
27713
27384
27515
27793
27591
27510
27714
27555
27450
27460
27755
28028
27877
27797
27322
27657
27492
27604
27618
27688
27422
27738
27877
27532
27268
27444
27445
27645
27465
27357
27585
27708
27304
27394
27566
27584
27677
27523
27313
27335
27347
27715
27637
27695
27491
27527
27607
27885
27418
27638
27504
27437
27207
27608
27381
27476
27780
27502
27483
27673
27511
27838
27320
27626
27278
27458
27817
27590
27475
27810
27144
27761
27225
27343
27862
27581
27725
27652
27323
27840
27632
27760
27684
27313
27563
27306
27594
27408
27354
27666
27475
27855
27615
27438
27365
27566
27597
27533
27547
27607
27455
27448
27713
27415
27383
27307
29445
27570
27547
27695
27637
27860
27754
27655
27558
27425
27346
27465
27227
27321
27550
27358
27500
27902
27545
27624
27455
27563
27245
27438
27650
27615
27695
27557
27502
27741
27510
27411
27635
27338
27711
27692
27492
27704
27408
27565
27644
27406
27610
27358
27852
27688
27716
27617
27208
27598
27404
27247
27222
28103
27367
27653
27477
27744
27735
27773
27396
27517
27338
27428
27786
27756
27642
27631
27638
27692
27470
27692
27795
27363
27511
27754
27267
27715
27391
27593
27280
27577
27360
27595
27392
27782
27478
27572
27647
27578
27458
27658
27640
27571
27684
27401
27576
28157
27704
27716
27712
27704
27857
27722
28104
27403
27312
27274
27417
27471
27344
27531
27424
27821
27390
27618
27425
27801
27438
27437
27877
27722
27464
27623
27245
27720
27267
27718
27675
27705
27642
27818
27490
27725
27360
27671
27676
27743
27477
27412
27740
27418
27487
27621
27343
27344
27316
27354
27530
27684
27302
27451
27653
27591
27570
27861
27474
27646
27560
27631
27542
27807
27763
28025
27530
27513
27452
27477
27610
27321
27647
27503
27458
27612
28010
27598
27508
27686
27411
27325
27584
27828
27442
27336
27545
27621
27303
27486
27692
27708
27621
27777
27367
27576
27948
27921
27867
27614
27545
27634
27484
27431
27373
27536
27362
27411
27448
27467
27344
28035
27496
27427
28273
27492
27391
27824
27604
27543
27654
27364
27430
27761
27636
27492
27254
27821
27590
27676
27523
27693
27484
27803
27567
27498
27575
27322
27586
27577
27453
27501
27062
27645
27816
27426
27420
27695
27380
27313
27611
27842
27341
27492
27740
27484
27385
27254
27670
27734
27431
27657
27607
29382
27575
27595
27614
27304
27351
27638
27350
27877
27385
27317
27650
27704
27620
27376
27436
27850
27330
27473
27666
27724
27383
27481
27923
27608
27521
27650
27783
27762
27585
27712
27787
27724
27385
27257
27556
27420
27372
27377
27451
27546
27310
27418
27298
27918
27344
27417
27378
27542
27618
27388
27590
27686
27540
27595
27786
27455
27393
27297
27952
27730
27502
27701
27572
27698
27476
27393
27491
27315
27428
27576
27802
27836
27562
27480
27253
27395
27485
27282
27344
27645
27552
27624
27501
27806
27393
27612
27511
27238
27425
27410
27453
27607
27472
28002
27615
27717
27818
27618
27631
27564
27461
27600
27468
27646
28033
27416
27222
27734
27597
27633
27522
27940
27145
27324
27711
27665
27335
27744
27790
27800
27362
27564
27817
27905
27692
27413
27832
27772
27781
27743
27435
27422
27751
27495
27716
27351
27287
27483
27658
27696
27801
27230
27425
27873
27315
27378
27451
27354
27420
27498
27663
27713
27904
27456
27694
27590
27275
27661
27586
27601
27525
27774
27894
27441
27171
27386
27344
27418
27513
27598
27415
27608
27730
27285
27414
27648
27237
27550
27464
27637
27301
27744
27628
27488
27327
27411
27514
27825
27785
27491
27607
27721
27578
27956
27775
27484
27660
27215
27458
27440
27495
27248
27335
27785
27593
27696
27583
27688
27591
27285
27496
27464
27583
27473
27646
27623
27581
27394
27641
27754
27858
27652
30158
27536
27622
27602
27546
27504
27400
27413
27498
28100
27538
27531
27365
27788
27507
27431
27534
27525
27905
27515
27502
27598
27351
27724
27678
27800
27524
27377
27567
27741
27581
27705
27570
27727
27718
27628
27521
27285
27623
27743
27554
27492
27442
27692
27510
27768
27426
27283
27370
27766
27566
27513
27788
28140
28227
27507
27761
27606
27575
27735
27532
27578
27404
27764
27730
27663
27554
27580
27465
27714
27880
27347
27555
27208
27263
27630
27257
27675
27324
27713
27355
27788
27441
27397
27671
27803
27413
27554
27484
27513
27533
27407
27708
27906
27646
27778
27543
27726
27623
27847
27488
27294
27358
27296
27446
27477
27407
27351
27650
27905
27454
27244
27385
27650
27285
27452
27738
28251
27761
27633
27650
27744
27384
27528
27488
27833
27331
27914
27715
27611
27884
27891
27708
27836
27268
27641
27392
27384
27545
27420
27553
27611
27468
27578
27316
27846
27448
27393
27610
27588
27995
27757
27521
27656
27635
27333
27542
27712
27776
27378
27567
27785
27783
27801
27361
27683
27526
27368
27531
27435
27655
27645
27198
27773
27458
27333
27331
27737
27464
27464
27403
27707
27484
27621
27185
27384
27325
27352
27561
27672
27492
27991
27621
27460
27357
27375
27303
27342
27376
27321
27575
27380
27476
27394
27430
27500
27601
27570
27591
27554
27715
27616
27684
27644
27454
27746
27877
27428
27386
27820
27463
27738
27532
27734
27691
27588
27688
28022
27457
27657
27594
27651
27650
27671
27553
27923
27408
27708
27530
27453
27313
27832
27403
27185
27754
27903
27406
27734
27524
27652
27284
27276
27580
27591
27636
27680
27620
27750
27378
27657
27723
27542
27327
27383
27614
27632
27514
27621
27253
27846
27590
27385
27436
27416
27611
27955
27568
27580
27115
27606
27855
27473
27387
27410
27511
27428
27505
27842
27687
27387
27704
27616
27693
27388
27477
27682
27370
27464
27692
27345
27677
27724
27686
27573
27161
27753
27677
27256
28166
27506
27437
27534
27278
27667
27210
27160
26898
27031
27064
26862
26903
26651
26686
27005
26882
27117
26596
26858
26922
26586
26833
26443
26801
26818
26624
26730
26647
26938
26751
26642
26787
26981
26650
26871
26784
27000
26756
26553
27175
26771
26866
26808
26750
26941
26746
26906
26710
26716
27020
26652
26830
26873
26610
26753
26753
26810
26682
26680
26634
26944
26855
26953
26784
26724
27191
26661
26718
26680
26608
26691
26760
26947
26892
26575
26687
26885
26957
26780
26995
26980
26337
26952
26595
26534
26852
26776
27088
26587
26831
27021
26688
27063
26713
26882
27124
26661
26694
26990
26876
27078
26907
26725
26653
26802
27088
26814
27011
26938
26826
27147
26782
26694
26775
26930
26838
26446
26724
27041
26607
26924
26702
26648
26554
26714
26893
26498
26984
26986
26720
26781
26744
26916
26987
26720
26711
26603
26597
26821
26928
26802
26815
26730
27063
26620
26628
27048
26623
27027
26685
26680
26603
26687
27073
26734
26582
27160
26496
26890
26716
27128
26838
26671
26883
26730
26686
26808
26904
27318
26844
26785
26715
26722
27034
26665
28653
26774
26563
26715
26730
26506
26918
26723
26351
26995
26805
26691
26437
26993
26862
26883
27036
26850
26543
27096
26734
26951
26508
26611
26936
26803
26687
26876
26895
27064
26754
26930
26988
26714
26884
26643
26805
26716
28414
27012
26661
26695
27003
26616
26561
26625
26587
27284
26856
27168
26618
27274
26831
26663
27001
26730
26694
26927
26778
27180
27045
27885
27947
27805
28050
27551
27464
27914
27722
27801
27805
27831
27666
27702
27705
27898
27662
28088
27523
27455
26992
27315
26845
27182
26796
27040
26873
26962
26656
26868
26897
26722
26874
26632
26885
26926
26936
26900
26438
26827
26697
26814
26936
26607
26634
26963
26800
26648
26566
26823
26614
26506
26708
26980
27030
26897
26714
26786
26692
26963
26940
27054
26615
26862
26675
26873
26827
26983
26968
27052
26666
26921
26660
26890
26774
26795
26666
26918
26816
26467
26871
26757
26688
26755
26811
26653
26937
26848
26715
26861
27326
26882
26708
26897
26848
26708
26840
26643
26915
26660
26883
26915
26520
27160
26538
26907
26947
26761
26952
26891
26836
27006
27002
27076
26514
26875
27068
26693
26995
26915
26882
27200
26707
26837
26647
26792
26906
26678
26865
27012
27012
27007
26735
26736
26870
26868
26831
27011
26618
26956
26932
26952
26905
26723
26736
26807
26831
26944
27032
26826
26756
26884
26794
26800
26780
27290
26952
27091
26905
26752
26795
26693
26957
28802
26948
26643
26632
26845
26873
26935
26625
26656
26735
26682
26801
26783
26541
26953
26823
26931
26824
26814
26806
26990
27085
26935
26457
26740
26621
27241
26666
26943
27286
26680
26942
26886
26874
26971
26413
26892
27141
26522
26806
26791
26396
27016
26742
26886
26533
27248
26788
26800
26862
26893
26553
27036
26767
26885
26425
26731
26804
26627
26975
27470
26980
27066
26902
26894
26885
26763
26538
26627
27110
27000
26832
26714
26771
26795
27706
27110
27064
27662
27291
27733
27665
27555
27878
27547
27216
27597
27507
27374
27494
27614
27694
27892
27577
28160
27788
27685
27680
27547
27498
27832
27646
27461
27597
27654
27785
27633
27414
27565
27343
27892
27446
27448
27745
27605
27630
27495
27793
27650
27465
27681
27725
27551
27595
27723
27647
27618
27827
27870
27515
27832
27527
27415
27521
27612
27580
27412
27616
27603
27828
27466
27348
27883
27323
27418
27607
27441
27335
27431
27832
27522
27254
27355
27532
27242
27606
27771
27666
27846
27654
27844
27553
27652
27514
27491
27526
27351
27701
27580
27448
27634
27557
27446
27351
27776
27530
27495
27485
27785
27560
27753
27534
27694
27595
27252
27454
27842
27596
28061
27462
27480
27735
27685
27807
27420
27357
27388
27614
27506
27491
27515
27275
27595
27564
27454
27503
27685
27215
27485
27948
27844
27730
27463
27651
27580
27332
27370
27478
27607
27760
27612
27802
27732
27516
27783
27452
27601
27674
27370
27674
27318
27416
27607
27348
28050
27132
27218
27335
27626
27666
27566
27527
27873
27487
27626
27657
27477
27605
27288
27593
27380
27713
27916
27426
27518
27431
27464
27685
27315
27385
27748
29306
27591
27384
27443
27554
27955
27767
27611
27448
27652
27460
27628
27731
27586
27755
27737
27844
27998
27185
27632
27455
28190
27528
27837
27781
27595
27697
27637
27681
27497
27347
27435
27421
27526
27548
27831
27792
27256
27276
27368
27280
27910
27358
27504
27838
27786
27927
27458
27414
27740
27288
27517
27584
27572
27691
27683
27564
27934
27760
28037
27533
27425
27355
27324
27437
27367
27336
27626
27293
27516
27445
27413
27475
27581
27284
27534
27623
27528
27508
27471
27918
27550
27505
27386
27571
27768
27790
27667
27721
27683
27277
27436
27382
27381
27523
27575
27878
27817
27526
27690
27530
27866
27476
27234
27471
27751
27373
27398
27777
27583
27501
27512
27881
27396
27447
27705
27520
27943
27623
27615
27818
27665
27452
27625
27505
27615
27387
27715
27470
27647
27534
27751
27360
27672
27530
27895
27508
27756
27563
27667
27578
27511
27556
27562
27583
27601
27415
27670
28007
27584
27662
27598
27695
27711
27445
27715
27463
27672
27586
27375
27322
27374
27270
27627
27288
27552
27742
27236
27474
27733
27442
27443
27561
27741
27462
27476
27343
27524
27938
27384
27691
27648
27766
27790
27151
27000
27162
27740
27862
27390
27284
27212
27284
27607
27426
27358
27587
27527
27680
27733
27297
27692
27181
27375
27647
27754
27716
27676
27682
27668
27551
27530
27651
27634
27552
28220
27626
27887
27653
27742
27463
27592
27381
29426
27627
27456
27604
27405
27507
27507
27475
27471
27560
27583
27394
27418
27422
27812
27526
27632
27524
27614
27528
27337
27600
27696
27761
28267
27705
27832
27467
27935
27684
27551
27417
27524
27542
27471
27407
27417
27354
27768
27581
27381
27334
27632
27608
27514
27724
27491
27316
27691
27625
27503
26983
27421
27558
27742
27438
27622
27627
27808
27623
27576
27577
27471
27366
27598
27383
27373
27381
27645
27741
27762
27307
27920
27524
27470
27251
27325
27692
27738
27597
27615
27681
28097
27595
27537
27588
27698
27773
27756
27610
27803
27531
28005
27597
27517
27444
27365
27585
27472
27452
27316
27514
28093
27466
27348
27322
27480
27558
27411
27317
27896
27256
27454
27443
27538
27483
27406
27733
27682
27585
27696
27644
27663
27658
27703
27743
27748
27472
27586
27635
27466
27398
27615
27501
27745
27520
27305
27690
27686
27471
27670
27287
27792
27367
27418
27917
27303
27812
27517
27661
27637
27636
27655
27903
27947
27832
27524
27582
27781
27337
27343
27681
27255
27597
27495
27273
27564
27200
27565
27495
27643
27490
27503
27485
27762
27460
27724
27494
27438
27780
27590
27697
27963
27390
27883
27661
27545
27681
27758
27415
27395
27712
27418
27554
27945
27581
27738
27338
27585
27483
27228
27414
27690
27506
27583
27936
27808
27533
27735
27662
27434
27828
27445
27332
27863
27391
27777
27491
27590
27521
27366
27628
27385
27391
27660
27717
27313
27492
27604
27496
27455
27356
27344
27108
27721
27600
27288
27494
27607
27543
27556
27808
27908
27667
27828
27712
27397
27881
27777
27646
27762
27760
27631
27634
27507
27533
28658
28701
28325
27627
27473
29826
27724
27694
27411
27543
27835
27728
27365
27582
27612
27372
27931
27881
28165
27465
27277
27817
27694
27486
27752
27420
27735
27607
27606
27412
27375
27491
27572
27618
27638
27284
27537
27392
28202
27415
27432
27997
27488
27327
27372
27525
27670
27546
27545
27705
27711
27713
27408
27551
27686
27513
27762
27668
27808
27706
27634
27547
27553
27633
27798
27105
27088
27178
27325
27682
27506
27422
27590
27394
27957
27361
27522
27791
27850
27414
27905
27746
27378
27290
27405
27590
27717
27604
27635
27524
27725
27508
27854
27426
27296
27438
27577
28480
27271
27571
27913
27324
27721
27602
27440
27762
27691
27497
27733
27728
27745
27537
27623
27810
27525
27512
27522
27506
27765
27276
27784
27778
27410
27631
27321
27836
27395
27212
27283
27644
27908
27354
27335
27445
27931
27384
27641
27198
27578
27343
27561
27556
27900
27337
27828
28008
27464
27563
27270
27542
27714
27491
27641
27514
27494
27607
27607
27606
27397
27565
27482
27344
27421
27488
27682
27342
27630
27282
27511
27473
27810
27327
27447
28042
27655
27512
27732
27596
27430
27618
27462
27690
27597
27798
27583
27587
27644
27593
27605
27535
27280
27546
27557
27757
27444
27538
27486
27195
28158
27427
27386
27566
27706
27562
27648
27630
27704
27513
27986
27992
27451
27446
27291
27676
27864
27715
27687
27580
27694
27730
27730
27651
27565
27343
27647
27632
27486
27661
29237
27566
27584
27311
27572
27485
27676
27291
27542
27548
27616
27730
27623
27606
27580
27572
27360
27366
28050
27755
27664
27672
27598
27586
27605
27757
27867
27177
27618
27511
27325
27552
27412
27434
27975
27650
27674
27441
27582
27602
27511
27430
27638
27280
27742
27297
27634
27512
27637
27655
27716
27687
27515
27447
27698
27466
27512
27848
27335
27662
27337
28025
27343
27481
27523
27575
27738
27375
27397
27464
27651
27445
27487
27804
27570
27746
27720
27123
27810
27677
27561
27626
28005
27524
27704
27736
27484
27594
27551
27623
27505
27534
27786
27688
27386
27475
27361
27842
27705
27378
27410
27294
27815
27292
27526
27604
27390
27806
27827
27584
27595
27372
27543
27680
27745
28008
27835
27486
27986
27770
27666
27346
27316
27341
27565
27454
27760
27395
27490
27263
27844
27244
27413
27486
27692
27596
27404
27547
27533
27503
27668
27506
27791
27813
27456
27440
27898
27625
27936
27767
27691
27651
27940
27671
27415
27571
27617
27494
27540
27526
27394
27643
27800
27492
27495
27460
27756
27511
27660
27772
27635
27386
27843
27724
27634
27325
27300
27658
27750
27414
27678
27486
27824
27514
27482
27635
27294
27313
27796
27304
27312
27678
27435
27408
27553
27384
27444
27448
27567
27542
27482
27606
27617
27626
27760
27615
27648
27413
27725
27421
27567
27778
27700
27580
27530
27735
27792
27671
27372
27383
27728
27550
27476
27435
27487
27487
27667
27444
27392
27587
27655
27330
27521
27750
27611
27337
27730
27673
27891
28083
27341
27650
27593
27466
27750
27438
27797
27661
27487
27964
27306
27392
27556
27343
27461
27555
27572
27613
27513
27216
27368
27443
27556
27301
27212
27620
27852
27453
27633
27691
27623
27414
27406
27605
27892
27842
27643
27525
27734
27818
27468
27745
27664
27695
27666
27698
27496
27601
27408
27332
27897
27407
27318
27324
27624
27292
27421
27920
27550
27566
27704
27552
27656
27297
27208
27681
27780
27470
27634
27757
27691
27377
27477
27656
27315
27643
27680
27610
27278
27570
27533
27435
27518
27702
27363
27475
27598
27695
27824
27521
27864
27464
27542
27561
27588
27504
27342
27751
27653
27781
27660
27547
27646
27627
27168
28042
27358
27338
27687
27315
27671
27358
27398
27335
27857
27555
27507
27207
28010
27238
27632
27705
27844
27454
27764
27943
27614
27547
27265
27507
27598
27558
27216
27601
27738
27455
27545
27696
27367
27436
27615
27510
27370
27934
27770
27300
27420
27384
27474
27448
27668
27392
27508
27676
27784
28031
27798
27578
28028
27611
27338
27798
27700
27618
27736
27454
27835
27575
27608
27794
27462
27610
27727
27381
27436
27271
27565
27328
27538
27444
27634
27430
27770
27233
27514
27697
27848
27721
28057
27634
27517
27392
27415
27630
27705
27698
27772
27486
27790
27647
27475
27592
27393
27368
28061
27292
27464
27370
27417
27588
27615
27737
27481
27333
27720
27477
27742
27708
27674
27374
27768
27300
27696
27312
27346
28196
27235
27465
27208
27231
27200
27398
27458
27262
27167
27137
27222
27381
27233
27221
27104
27226
27601
27266
29090
27631
27967
27613
27804
27646
27681
27732
27774
27717
27506
27624
27388
27828
27690
27357
28053
27565
27815
27551
27594
27997
27507
27552
27590
27324
27520
27545
27501
27472
27716
27661
27542
27301
27642
27335
27463
27576
28770
27308
27798
27166
27700
27403
27501
27656
27737
27562
27588
27714
27578
27644
27338
27453
27462
27274
27437
27482
27666
27473
27394
27328
27926
27640
27441
27347
27775
27325
27684
27376
27520
27416
27943
27673
27563
27382
27331
27390
27318
27665
27677
27523
27980
27534
27714
27847
27312
27596
27616
27502
27511
27533
27583
27508
27591
27307
27570
27391
27472
27503
27654
27702
27712
27324
27474
27470
27507
27417
27338
27428
27410
27521
27475
27607
27871
27663
27984
27601
27470
27303
27597
27634
27724
27677
27461
27554
27570
27632
27311
27564
27771
27611
27550
27584
27547
27893
27616
27461
28128
27782
27440
27595
27966
27563
27495
27557
27266
27323
27145
27724
27293
27682
27422
27445
27293
27516
27751
27370
27550
27407
27262
27414
28063
27382
27292
27514
27597
27682
27685
27253
27395
27703
27515
27552
27556
27458
27681
27416
27826
27433
27731
27707
27700
27355
27634
27464
27411
27467
27480
27402
27731
27528
27455
27488
27905
27327
27612
27495
27484
27552
27496
27585
27513
27356
27578
27596
27807
27628
27657
27755
27653
28112
27530
27592
27444
27586
27638
27358
27405
27583
27531
27550
27734
29310
27644
27432
28072
27574
27654
27628
27588
27382
27660
27702
27983
27647
27503
28052
27668
27702
27465
27560
27565
27750
27961
27591
27456
27301
27511
27684
27468
27622
27656
27440
27832
27477
27420
27433
27600
27445
27470
27513
27525
27736
27617
27704
27456
27474
27630
27525
27608
27481
27895
27647
27652
27740
27776
27900
27634
27558
27643
27375
27375
27430
27525
27634
27678
27550
27571
27428
27861
27267
27505
27461
27695
27591
27574
28095
27571
27473
27632
27484
27548
27603
27562
27586
27386
27692
27642
27526
27607
27298
27826
27754
27565
27691
27515
27182
27905
27393
27545
27352
27830
27423
27402
27652
27548
27381
27672
27473
27570
27306
27610
27311
27871
27496
27441
27691
27731
27617
27620
27902
27440
27546
27412
27463
27796
27270
27668
27323
28000
27317
27657
27571
27510
27316
27598
27534
27833
27331
27443
27574
27304
27428
27385
27591
27785
27632
27680
27393
27948
27451
27671
27781
27383
27414
27481
27366
27422
27335
27420
27692
27724
27533
27344
27228
27624
27320
27367
27543
27538
27773
27701
27618
27511
27240
27325
27773
27733
27576
27628
27835
27928
27498
27431
27396
27652
27431
27185
27134
27348
27608
27607
27524
27421
27414
27936
27447
27623
27391
27613
27462
27746
27598
27674
27484
27528
27788
27558
27770
27775
27916
27587
27615
27728
27533
27792
27494
27617
27792
27396
27488
27315
27348
27447
27253
27717
27410
27070
27062
27362
27555
27795
27740
27764
27735
27533
27604
27397
27874
27340
27616
27667
27541
27395
27602
27682
27661
27705
27624
27393
27685
27292
27508
27420
27485
27477
27594
27595
27408
27374
27302
27673
27572
29174
27814
27622
27592
27372
27588
27625
27398
27323
27353
27550
27820
27503
27638
27497
27524
27717
27522
27381
27281
27505
27604
27274
27395
27513
27630
27736
27464
27427
27261
27670
27518
27363
27230
27712
27696
27830
27598
27386
27433
27455
27704
27692
27484
27912
27582
27614
27554
27548
27496
27608
27526
27551
27580
27434
27463
27911
27631
27506
27591
27364
27684
27437
27287
27480
27591
27803
27323
27443
27683
27781
27871
27413
27540
27626
27255
27481
27732
27607
27568
27714
27528
27386
27492
27455
27805
27523
27864
27618
27461
27703
27454
27500
27276
27727
27414
27517
28011
27462
27483
27920
27723
27650
27613
27400
27706
27685
27658
27581
27877
27808
27732
27691
27555
27331
27588
27393
27452
27433
27341
28055
27280
27581
27452
27622
27434
27914
27444
27561
27645
27701
27300
27523
27548
27571
27674
27360
27653
27746
27678
27762
27488
27478
27476
27338
27677
27068
27084
27111
27448
27296
27331
27277
27565
27697
27458
27592
27000
27810
27342
27462
27543
27646
27571
27576
27750
27656
27445
27830
27717
27700
27642
27573
27835
27841
27462
27177
27507
27604
27356
27688
27760
27504
27395
27605
27315
27930
27464
27408
27388
27605
27290
27386
27710
27730
27505
27607
27605
27608
27751
27421
27383
27880
27698
27688
27614
27751
26753
27160
26871
26692
26800
26953
26653
27042
26418
26842
26543
26915
26868
26615
26411
26574
28454
27094
26633
26682
26730
26836
26933
26674
26743
26806
26606
27271
26587
26773
27004
26951
26976
26915
26982
26941
26640
27068
26661
26453
26803
26770
27052
27014
26796
26926
26824
27021
26798
26595
27117
26726
26636
26730
27031
26994
26753
26595
26804
26974
27257
26850
27192
27115
26716
27292
26735
26654
26961
26763
26896
26613
26697
27140
26547
27116
26728
26703
26892
26783
26898
26682
26648
26846
26712
28665
26397
26635
26752
26701
26925
26841
26691
26872
26644
26886
26647
26613
26956
26780
26791
26894
26803
27263
26714
26730
26781
26815
27366
26842
26541
27207
26807
26857
26960
26866
27114
26908
27542
27008
26863
26837
26877
26810
26760
26786
26946
26812
26946
26808
26898
26928
26667
26818
27066
26741
26917
26683
26477
26967
26836
27212
26176
26715
27083
26692
27165
26838
26993
27187
26697
27150
26546
26903
26971
26700
27154
26837
26635
27181
26755
27062
26791
26497
26786
26642
26665
26923
26833
27191
26553
26955
27113
26653
26956
26680
26650
26912
26635
27068
26620
27004
26896
26878
27157
26881
26747
27013
26808
27162
26720
26972
27270
26990
26967
26474
27290
26988
26724
26962
26487
26676
27088
26876
26851
26575
26538
27367
26692
26766
27000
26836
26964
26747
26704
27032
26690
27124
26998
26700
26808
26755
27063
26717
26782
27007
26544
26946
26470
27028
26871
26504
27087
26658
26537
26991
26662
26683
26747
26593
26853
26736
26976
26943
26654
27100
26422
26906
26837
26813
27162
27123
26863
26766
26885
26957
26962
26782
26917
26960
26968
26575
26643
26783
26733
27104
26545
26802
26771
26670
26876
26635
26815
27206
26753
26835
26770
28620
27048
26634
26857
26505
26506
27090
26722
26677
26937
26907
27101
26582
26656
27135
26580
26947
26645
26580
27137
26724
27055
27116
27020
27072
26462
27264
26810
26496
27058
26602
26724
26918
26533
27040
26638
26690
26693
26950
26864
26827
27047
27266
26617
26994
26750
26547
27055
26738
26912
26487
26511
26945
26444
27145
26860
26866
26561
26598
26916
26996
26775
27018
26836
27197
26500
26788
27176
26745
26847
27218
26862
27193
26570
26920
26738
26634
26836
26741
26517
27011
26783
26950
26524
26792
27042
26780
27138
26523
26285
27032
26634
27032
26794
26828
27056
26693
26826
26631
26908
26958
26821
27084
26594
26638
27211
26744
26842
26904
26761
26975
26584
26944
26898
26635
26961
26686
26421
26852
26761
26855
26655
26831
26993
26732
27033
26847
26634
27078
26737
27161
26753
26842
26840
26704
27023
26722
26760
27243
26637
27422
26758
26623
26816
26532
26682
26462
26753
26963
26500
26987
26925
26604
26873
26706
26842
26822
26720
27103
26846
26921
26751
27026
26872
26727
26775
26977
26857
27300
26986
26985
27111
26817
27076
26635
26502
26853
26836
26921
26747
26783
26766
26776
26618
26594
26605
26928
26611
26707
27108
26921
27197
26708
26746
26893
26691
26934
26776
27035
27012
27103
26945
27064
26732
27075
26742
26870
26357
26731
26712
26541
27216
26788
26664
27070
26493
27146
26663
26797
27252
26290
26636
26946
28407
27117
26562
26766
26655
26815
27184
26961
26771
27263
26922
27436
26445
26646
26904
26538
27042
26543
26610
27327
26572
26915
26574
26704
27112
26634
26745
26904
26487
26992
26765
27247
26670
27020
27156
26820
26912
26677
26601
27285
26935
26948
27021
26781
27057
26551
26828
27047
26970
27313
26722
26698
27134
26588
26735
26827
26565
27161
26470
27250
26816
26854
27165
26735
26803
26854
26995
26894
27166
26831
26770
26834
26904
26997
27024
26985
26868
26947
26800
26875
26744
26524
27177
26703
26780
26817
26541
26895
26422
27140
26958
26781
26836
26816
26844
26863
26847
27372
26948
26614
26683
26703
26908
26846
26923
26986
26583
26855
26937
26821
26920
26813
26656
26944
26805
26933
26637
26733
26831
27085
27002
26534
26590
27043
26631
26960
26650
26887
27070
26938
26955
26615
26912
27051
26613
27007
26855
26738
27213
26763
26977
26665
26824
27107
26394
26685
26684
26642
27032
26775
26583
26675
26560
26967
26797
26838
26787
26550
26916
26688
26470
27106
26663
27150
26828
26714
26893
26850
26916
26837
26807
26873
26916
27041
26466
26803
26908
26275
27003
26531
26701
27150
27856
27224
26810
26714
26864
26880
26810
26946
26675
27024
27044
26798
26906
26690
27058
26788
26936
26877
27020
27175
26947
26654
26872
26663
27248
26792
26531
26660
26418
27036
26837
26906
27065
26886
27386
26917
26600
26988
26760
26488
26934
29438
26810
27063
26750
26921
26787
26866
26466
26892
27128
26797
26838
26688
26874
27085
26595
26972
26585
26841
26884
26630
27088
26875
26705
27217
26980
26854
26358
26678
26818
26666
26962
26894
26600
27196
26435
26652
26766
26737
26922
26990
26937
26757
26971
27338
26838
26674
26815
26654
26780
26522
26754
26902
26985
26980
26554
27146
27138
26712
26901
26882
26711
26915
26641
27294
26523
26845
27320
26724
26831
26578
26857
26917
26983
26974
26890
26856
27031
26684
26966
26840
26424
27050
26863
26701
26858
26657
26812
26942
26631
27076
26875
27048
26711
26878
27122
26740
27133
26668
26955
27138
27028
26993
26665
26567
26784
26848
27000
26727
26738
27106
26502
26850
26815
26840
26913
26623
26746
27152
26414
26816
26504
26666
26796
26898
27101
26861
26731
26975
26760
27152
26618
27123
27268
26645
26864
26773
26810
27192
27038
27128
26671
26770
26868
26790
26592
26961
26812
27188
