Latency
31907
26472
26054
26180
26033
26486
26187
26432
26215
26567
26425
26132
26068
26296
26292
26392
27238
27183
27290
26976
27084
27121
26963
27188
27153
27080
27221
27130
27512
27123
27141
27212
27902
27190
27101
26954
27255
26856
27227
27163
27021
27206
27160
27330
27335
27301
27184
27263
27051
27352
27478
27157
27302
27266
27391
27528
27196
27086
27001
27077
27321
27453
27171
27564
27615
27213
27350
27138
27123
27214
27158
27430
27257
27337
27521
27552
27101
27544
27114
27306
27498
29435
27076
27656
27631
27141
27260
27266
27150
27680
27505
27318
27170
27158
27508
27598
27201
27218
27431
27343
27191
27418
27313
27108
27326
27672
27161
27443
27378
27167
27416
27578
27547
27343
27318
27506
27055
27511
27008
27325
27425
27405
27235
27264
27581
27273
27160
27477
27664
27465
27316
27261
27365
27214
27058
27432
27525
27895
27176
27232
27407
27298
27411
27398
27280
27257
27200
27248
27246
27130
27395
27337
27181
27103
26995
27253
27193
27220
27312
27757
27223
27301
27537
27363
27286
27398
27333
27172
27333
27260
27393
27436
27494
27607
27305
27583
27427
27216
27422
27420
27272
27267
27456
27284
27400
27394
27085
27231
27186
27588
27431
27378
27482
27492
27535
27277
27293
27448
27358
27350
27254
27317
27446
27281
27485
27398
27248
27287
27392
27577
27255
27348
27196
27378
27311
27495
27388
27244
27136
27390
27326
27311
27376
27425
27498
27346
27506
27307
27483
27394
27407
27425
27425
27270
27438
27316
27483
27353
27162
27430
27391
27276
27280
27190
27306
27291
27413
27581
27345
27517
27335
27823
27221
27347
27738
27345
27396
27432
27366
27618
27408
27577
27794
27525
27672
27323
27568
27368
27358
27520
27443
27281
27432
27986
27327
27260
27425
27324
27177
27705
27130
27347
27245
27383
27644
27321
27274
27431
27425
27377
27387
27410
27297
27325
27288
27551
27376
27450
27573
27522
27655
27348
27482
27496
27605
27327
27263
27603
27487
27355
27465
27511
27487
27431
27186
27550
27462
27553
27675
27351
27331
27481
27563
27324
27361
27494
27654
27444
27427
28651
27542
27624
27406
27338
27548
27287
27504
27614
27866
27196
27442
27341
29165
27690
27513
27570
27385
27350
27334
27588
27575
27432
27401
27642
27647
27512
27453
27217
27495
27415
27465
27373
27216
27466
27234
27386
27391
27352
27730
27443
27710
27236
27408
27465
27278
27555
27207
27332
27413
27611
27266
27390
27388
27850
27408
27381
27370
27380
27462
27335
27236
27802
27450
27518
27398
27590
27460
28298
27458
27576
27387
27488
27776
27600
27311
27487
27303
27676
27448
27616
27456
27434
27417
27648
27307
27620
27404
27620
27564
27681
27335
27765
27746
27381
27465
27522
27452
27585
27452
27331
27322
27321
27626
27683
27451
27481
27403
27613
27580
27492
27230
27338
27527
27446
27337
27598
27517
27517
27270
27637
27224
27462
27577
27434
27622
27351
27321
27734
27330
27462
27507
27683
27514
27461
27617
27315
27357
27426
27371
27448
27256
27672
27391
27227
27465
27343
27234
27468
27294
27471
27351
27345
27474
27432
27346
27425
27751
27598
27400
27385
27587
27420
27485
27425
27735
27467
27575
27334
27216
27241
27443
27325
27326
27528
27315
27510
27382
27566
27427
27337
27704
27526
27295
27422
27572
27395
27624
27434
27702
27371
27542
27800
27496
27311
27406
27488
27534
27486
27323
27331
27357
27350
27392
27335
27354
27321
27437
27292
27363
27370
27207
27552
27370
27720
27461
27613
27647
27613
27330
27352
27461
27397
27353
27388
28218
27597
27613
27472
27443
27274
27754
27440
27655
27568
27528
29436
27265
27605
27366
27491
27430
27492
27717
27662
27570
27660
27558
27406
27223
27493
27512
27421
27367
27565
27492
27471
27436
27506
27328
27407
27625
27335
27444
27490
27337
27623
27436
27335
27306
27647
27335
27370
27324
27777
27268
27526
27425
27342
27284
27823
27598
27883
27304
27620
27622
27452
27413
27256
27613
27606
27576
27654
27404
27330
27805
27371
27303
27513
27294
27548
27326
27462
27732
27500
27403
27751
27470
27288
27502
27773
27302
27423
27451
27382
27707
27306
27377
27680
27264
27607
27594
27464
27466
27446
27554
27283
27273
27766
27436
27592
27667
27415
27471
27368
27443
27507
27302
27683
27348
27563
27741
27545
27506
27282
27675
27337
27308
27481
27342
27368
27267
27382
27386
27370
27415
27462
27410
27631
27571
27336
27587
27231
27305
27406
27293
27342
27287
27446
27276
27636
27460
27435
27306
27531
27440
27655
27633
27483
27481
27501
28042
27551
27424
27454
27455
27435
27614
27570
27480
27508
27416
27708
27297
27427
27298
27390
27392
27401
27527
27616
27468
27468
27422
27435
27340
27895
27460
27442
27357
27436
27462
27387
27421
27598
27567
27551
27578
27777
27600
27536
27331
27864
27685
27648
27284
27454
27685
27600
27581
27570
27363
27555
27392
27648
27408
27480
27592
27952
27643
27426
27247
27485
27598
27553
27372
27681
27842
27732
28015
27427
27363
27434
27504
27524
27433
27214
27342
27303
27675
27357
27524
27915
27375
27368
27581
27652
27672
27270
27320
27423
27738
27377
27443
27825
27400
27377
27364
27680
27610
27501
27315
27626
27535
27847
27588
27242
27732
27433
27544
27911
27252
27411
27204
27454
27575
27934
29396
27471
27306
27403
27546
27481
27602
27540
27597
27373
27400
27377
27511
27603
28263
27588
27527
27533
27441
27405
27388
27523
27402
27327
27294
27331
27683
27518
27283
27332
27263
27305
27451
27327
27331
27392
27312
27553
27355
27562
27320
27943
27558
27578
27538
27352
27370
27868
27398
27436
27320
27383
27610
27278
27584
27308
27363
27478
27531
27448
27270
27774
27437
27752
27350
27481
27545
27333
27343
27704
27224
27404
27397
27854
27554
27374
27702
27447
27712
27480
27591
27652
27382
27443
27438
27255
27461
27414
27237
27354
27250
27415
27483
27413
27690
27298
27467
27458
27327
27386
27515
27474
27383
27461
27551
27465
27703
27517
27432
27403
27396
27414
27441
27363
27515
27475
27534
27374
27401
27272
27402
27468
27713
27334
27306
27708
27503
27563
27212
27448
27321
27401
27408
27517
27272
27543
27437
27421
27363
27207
27693
27380
27405
27381
27424
27660
27347
27383
27450
27287
27550
27511
27308
27266
27310
27513
27326
27620
27386
27341
27353
27424
27226
27420
27940
27504
27501
27381
27475
27441
27338
27268
27777
27582
27394
27940
27346
27360
27606
27418
27476
27261
27732
27613
27277
27434
27308
27402
27398
27612
27436
27296
27417
27543
27318
27508
27346
27341
27374
27553
27602
27535
27291
27664
27326
27478
27622
27620
27623
27485
27478
27976
27352
27337
27598
27388
27476
27227
27483
27285
27377
27600
27453
29158
27450
27435
27548
27290
27344
27548
27471
27495
27594
27544
27445
27296
27655
27400
27384
27540
27376
27703
27350
27616
27438
27321
27784
27405
27361
27428
27291
27400
27534
27438
27366
27413
27468
27592
27224
27481
27561
27354
27457
27836
27924
27561
27530
27511
27484
27473
27252
27503
27534
27533
27452
27494
27435
27497
27784
27504
27295
27400
29274
28092
27756
27631
27418
27366
27307
27387
27436
27432
27958
27762
27421
27646
27346
28074
27436
27352
27846
27405
27917
27807
27515
27688
27347
27478
27547
27361
27504
27327
27435
27691
27412
27664
27643
27557
27398
27384
27368
27495
27526
27525
27677
27650
27543
27541
27551
27508
27582
27718
27677
27636
27413
27885
27496
27521
27496
27328
27560
27390
27723
27561
27410
27915
27356
27442
27710
27558
27358
27687
27288
27550
27136
27601
27338
27371
27535
27657
27582
27393
27741
27427
27364
27467
27511
27418
27475
27678
27615
27824
27418
27422
27388
27297
27667
27291
27318
27561
27743
27494
27437
27287
27487
27668
27462
27626
27588
27593
27506
27722
27907
27544
27440
27416
27551
27547
27318
27344
27350
27354
27516
27445
27511
27287
27432
27385
27516
27285
27443
27505
27234
27491
27563
27511
27426
27446
27461
27427
27498
27580
27370
27423
27644
27306
27354
27546
27536
27547
27525
27397
27566
27492
27532
27561
27708
27455
27520
27534
27225
27446
27488
27777
27426
28558
27381
27392
27418
27745
27317
27380
27312
27670
27246
27473
27732
27448
27490
27282
27705
27502
27561
27722
27512
27528
27635
27510
27493
27405
27378
27324
27384
27335
27414
27567
27366
27485
27447
27467
27420
27833
27243
27475
27720
27413
27320
27570
27373
27373
27470
27313
27504
27375
27620
27693
27460
27437
27314
27590
27472
27360
27501
27602
27491
27318
27473
27447
27260
27465
27444
27568
27462
27422
27333
27381
27565
27417
27253
27490
27434
27550
27341
27665
27825
27600
27377
27641
28535
28316
28666
28366
28321
28691
28461
28477
28022
28326
28470
28358
28708
28552
28328
28450
28453
27431
27423
27321
27594
27416
27532
27696
27485
27730
27552
27468
27390
27636
27460
27498
27647
27493
27635
27432
27428
27332
27556
27408
27453
27258
27515
27365
27444
27713
27498
27283
27562
27482
27426
27553
27276
27557
27433
27442
27540
27323
27600
27383
27473
27702
27388
27500
27927
27387
27600
27660
27576
27343
27471
27402
27476
27464
27571
27386
27541
27453
27334
27290
27272
27582
27353
27544
27410
27506
27772
27624
27338
27444
27377
27338
27371
27642
27602
27443
27532
27391
27411
27432
27354
27986
27341
27641
27394
27381
27440
27496
27276
27572
27432
27302
27347
27464
27340
27294
27488
27375
27507
27654
27544
27520
27360
27554
27407
27494
27386
27791
27510
27668
27415
27632
27464
27345
27571
27260
27397
27287
27321
27483
27378
27413
27275
27295
27378
27402
27406
27385
27423
27700
27246
27491
27332
27405
27450
27458
27808
27505
27392
27447
27398
27503
27601
27560
27780
27380
27610
27517
27286
27480
27416
27545
27924
27717
27527
27317
27564
27643
27410
29401
27345
27560
27756
27487
27570
27553
27616
27306
27327
27437
27390
27537
27528
27502
27376
27738
27378
27388
27448
27502
27537
27511
27440
27275
27451
27645
27482
27325
27394
27498
27341
27504
27463
27443
27341
27624
27680
28441
27328
27564
27766
27400
27360
27690
27380
27530
27543
27397
27605
27242
27601
27365
27444
27362
27656
27601
27258
27458
27515
27752
27520
27452
27440
27542
27926
27616
27324
27470
27542
27233
27550
27281
27482
27546
27296
27454
27533
27463
27345
27514
27487
27386
27530
27300
27255
27367
27416
27527
27303
27652
27634
27312
28598
27445
27526
27308
27806
27497
27360
27598
27348
27711
27263
27807
27393
27440
27684
27365
28147
27743
27326
27674
27516
27364
27744
27281
27753
27440
27541
27598
27303
27460
27570
27301
27635
27434
27350
27322
27643
27617
27365
27396
27386
27678
27663
27430
27728
27365
27263
27620
27802
27553
27292
27628
27732
27307
27557
27841
27538
27401
27352
27463
27238
27717
27702
27460
27375
27570
27456
27407
27653
27490
27461
27488
27622
27612
27471
27411
27526
27402
27615
27620
27818
27415
27568
27472
27590
27318
27613
27447
27345
27398
27850
27536
27418
27546
27377
27606
27327
27463
27296
27333
27324
27421
27658
27394
27250
27543
27491
27496
27390
27694
27673
27586
27446
27583
27612
27697
27433
27233
27548
27360
27916
27522
27308
27385
27443
27436
27344
27541
27386
27554
29305
27540
27446
27601
27207
27643
26938
27340
27028
27261
27344
27397
27304
27672
27411
27376
27563
27452
27370
27698
27944
27516
27601
27558
27794
27336
27300
27528
27550
27271
27442
27534
27493
27413
27516
27621
27555
27546
27595
27388
27422
27547
27392
27580
27850
27493
27830
27484
27493
27755
27424
27622
27680
27405
27344
27613
27411
27363
27308
27351
27421
27405
27332
27536
27323
27563
27582
27605
27364
27472
27605
27545
27414
27560
27787
27444
27435
27640
27480
27791
27460
27747
27342
27360
27960
27370
27534
27276
27411
27542
27475
27472
27447
27243
28691
27331
27401
27530
27416
27733
27333
27687
27541
27635
27532
27362
27326
27465
27603
27458
27547
27644
27737
27452
27358
27374
27724
27467
27361
27501
27446
27618
27665
27454
27445
27496
27316
27512
27281
27738
27398
27400
27562
27462
27464
27474
27311
27290
27411
27760
27472
27590
27392
27381
27447
27808
27610
27514
27407
27724
28147
27405
27503
27342
27345
27605
27258
27383
27357
27705
27327
27410
27644
27610
27294
27511
27394
27485
27900
27316
27303
27416
27382
28011
27472
27606
27618
27264
27698
27270
27620
27418
27306
27627
27536
27404
27378
27607
27400
27312
27391
27654
27482
27551
27602
27644
27422
27343
27452
27424
27464
27420
27297
27444
27323
27438
27545
27508
27423
27907
27602
27924
27470
27564
27395
27306
27620
27496
27408
27408
27362
27446
27384
27445
27280
27411
27382
27334
27146
27641
27384
27430
27401
27490
27580
27541
27323
27358
27322
27643
27343
27753
27364
27277
27777
27353
27327
27276
27532
27463
27230
27517
27228
27257
27406
27480
27328
27323
27683
27594
27357
27511
27385
27798
27496
27291
27310
27404
27690
27467
27624
27490
27251
27524
27725
27512
27591
27574
27440
27472
27282
27536
27238
27494
27295
27682
27273
27970
27358
27363
27476
27415
27563
27571
27332
27348
27251
27481
28054
27400
27327
27337
27442
27510
27540
27445
27413
27492
27762
27363
27455
27335
27547
27503
27380
27456
27306
27386
27485
27691
27465
27362
27737
27430
27414
27761
27453
27570
27553
27348
27466
27466
27441
27847
27454
27580
27302
27877
27631
27377
27774
27371
27301
27325
27255
27503
27512
27547
27852
27483
27416
27446
27310
27726
27383
27602
27442
27515
27633
27450
27533
27290
27407
27471
27343
27707
27510
27406
27536
27556
27421
27446
27436
27387
27545
27857
27357
27320
27515
27417
27296
27352
27251
27815
27457
27483
27396
27702
27623
28100
27325
27498
27606
27495
27573
27641
27524
27902
27633
27851
27276
27531
27608
27354
27414
27371
27592
27528
27393
27423
27201
27365
27211
29254
27315
27588
27312
27398
27536
27450
27520
27445
27340
27422
27405
27518
27494
27451
27435
27525
27518
27453
27385
27712
27476
27525
27440
27390
27527
27244
27481
27410
27414
27615
27376
27407
27405
27408
27590
27346
27457
27772
27311
27505
27306
27404
27312
27303
27388
27822
27542
27424
27432
27390
27908
27410
27595
27414
27414
27505
27282
27428
27417
27390
27363
27380
27225
27420
27502
27506
27121
27383
27422
27364
27605
27651
27367
27478
27328
27410
27327
27401
27515
27392
27464
27173
27314
27672
27334
27311
27808
27367
27363
27446
27587
27354
27547
27404
27336
27314
27260
27541
27336
27540
27325
27547
27446
27521
27622
27557
27585
27494
27823
27420
27333
27622
27458
27364
27712
27390
27513
27377
27304
27823
27490
27566
27643
27750
27483
27565
27537
27384
27267
27694
27458
27587
27531
27558
27682
27678
27463
27468
27313
27681
27367
27950
27492
27511
27533
27442
27732
27548
27826
27395
27371
27362
27493
27535
27468
27423
27374
27620
27222
27488
27233
27598
27456
27328
27364
27524
27438
27704
27550
27678
27544
27662
27528
27422
27548
27592
27555
27687
27273
27618
27510
27240
27720
28007
27461
27414
27552
27527
27422
27521
27496
27503
27493
27513
27338
27751
27414
27487
27383
27544
27585
27320
27395
27351
27440
27992
27333
27383
27208
27714
27427
27448
27366
27261
27248
27412
27518
27560
27553
27456
27483
27472
29251
27260
27283
27913
27253
27602
27305
27445
27430
27580
27528
27383
27193
27598
27324
27350
27484
27361
27663
27344
27558
27906
27483
27440
27475
27383
27485
27386
27450
27401
27203
27363
27372
27466
27525
27475
27467
27360
27483
27416
27557
27455
27502
27327
27490
27280
27365
27374
27436
27807
27445
27403
27405
27456
27521
27392
27722
27308
27507
27810
27360
27532
27657
27428
27431
27487
27551
27705
27366
27375
27280
28023
27310
27454
27595
27645
27512
27457
27551
27581
27226
27594
27932
27390
27432
27492
27375
27547
27456
27336
27317
27442
27686
27431
27400
27392
27298
27863
27315
27690
27156
27417
27505
27380
27377
27618
27650
27690
27234
27708
27816
27416
27555
27403
27558
27500
27375
27711
27367
27351
27353
27827
27680
27228
27201
27422
27350
27507
27307
27346
27457
27334
27466
27267
27486
27561
27598
27545
27296
27524
28121
27471
27371
27313
27583
27634
27668
27451
27520
27398
27433
27586
27384
27612
27371
27412
27471
27361
27318
27448
27256
27243
27262
27822
27343
27517
27482
27355
27558
27455
27633
27670
27355
27576
27707
27728
27467
27513
27512
27301
27326
27515
27304
27058
26883
27167
27495
27303
27345
27306
27392
27532
27243
27520
27417
27495
27403
27518
27571
27390
27325
27505
27315
27803
27366
27321
27512
27268
27462
27902
27416
27536
27505
27526
27371
27587
27980
27616
27308
27215
27313
27633
27484
27738
27488
27292
27471
27618
27283
27406
27520
27568
27403
27446
27484
27553
27708
27406
27682
27855
27638
27296
27255
27746
27660
27477
27277
27287
27464
27764
27313
27326
27551
27507
27506
27367
27320
27276
27298
27524
27695
29393
27668
27507
27817
27536
27360
27486
27345
27438
27411
27393
28124
27713
27343
27307
27538
27643
27388
27286
27378
27273
27422
27553
27538
27533
27317
27551
27340
27651
27356
27345
27425
27377
27390
27535
27346
27762
27502
27802
27326
27324
27566
27422
27633
27702
27361
27478
27563
27623
27520
27408
27848
27416
27201
27433
27312
27662
27506
27525
27761
27305
27588
27445
27246
27521
27330
27623
27496
27638
27591
27472
27362
27542
27672
27518
27278
27378
27465
27845
27654
27391
27366
27030
27573
27622
27452
27375
27355
27424
27468
27460
27221
27366
27510
27484
27380
27486
27352
27385
27490
28104
27375
27772
27545
27512
27430
27312
27478
27507
27600
27306
27360
27551
27387
27371
27494
27373
27754
27332
27394
27364
27366
27536
27340
27346
27378
27566
27368
27432
27543
27751
27593
27913
27596
27613
27524
27355
27511
28007
27461
27454
27892
27573
27286
27382
27455
27390
27497
27281
27322
27533
27488
27313
27450
27654
27456
27320
27380
27650
27321
27541
27493
27705
28054
27488
27413
27773
27243
27630
27728
27511
27306
27631
27674
27440
27534
27664
27782
27713
27498
27424
27546
27396
27553
27558
27263
27305
27358
27601
27258
27797
27294
27424
27490
27446
27383
27477
27320
27388
27404
27470
27781
27466
27382
27578
27390
27502
27405
27482
27578
27701
27596
27402
27647
27395
27390
27637
27361
28568
27560
27486
27487
27461
29462
27383
27533
27707
27280
27613
27636
27518
27584
27447
27652
27446
27553
27677
27682
27824
27751
27527
27340
27363
27340
27412
27336
27443
27336
27263
27446
27391
27512
27260
27445
27597
27576
27376
27642
27463
27366
27454
27560
27440
27631
27576
27561
27422
27556
27654
27484
27537
27458
27377
27494
27421
27485
27338
27582
27436
27355
27292
27307
27571
27383
27583
27511
27361
27387
27395
27441
27352
27648
27637
27408
27423
27268
27304
28048
27643
27590
27428
27594
27732
27356
27615
27476
27285
27404
27400
27437
27386
27535
27462
27390
27512
27597
27696
27538
27346
27252
27401
27567
27470
27405
27361
27615
27458
27687
27681
27452
27667
27302
27692
27410
27363
27748
27466
27324
27408
27358
27493
27328
27353
27444
27357
27403
27335
27662
27494
27636
27454
27263
27310
27503
27796
27350
27440
27434
27440
27327
27490
27404
27538
27575
27768
27622
27400
27362
27624
27463
27341
27706
27336
27362
27528
27325
27507
27337
27513
27495
27416
27252
27384
27290
27510
27274
27702
27343
27624
27555
27677
27264
27635
27444
27481
27460
27575
27444
27572
27471
27493
27538
27344
27790
27345
27606
27310
27464
27793
27251
27684
27397
27368
27436
27476
27400
27308
27747
27265
27193
27245
27170
27147
27193
27366
27532
27743
27271
27747
27492
27338
27564
27503
27464
27502
27865
27463
27304
27475
27784
27242
27233
27323
27441
27386
27472
27543
27420
27410
27442
27417
27345
27350
27073
27090
27571
27336
27360
27368
27694
27480
27374
27655
27404
27687
27320
27287
27834
27557
27363
27537
27507
27691
27356
27615
27350
27342
27447
27631
27306
27297
27521
27660
27230
29507
27347
27706
27654
27524
27397
27333
27287
27551
27437
27593
27594
27363
27793
27368
27645
27320
27336
27428
27321
27394
27480
27274
27430
27297
27524
27525
27193
27552
27504
27534
27490
27767
27414
27486
27447
27382
27916
27628
27450
27741
27673
27290
27374
27442
27755
27365
27440
27441
27368
27431
27505
27445
27421
27568
27343
27624
27208
27421
27364
27368
27494
27647
27557
27936
27244
27368
27670
27360
27430
27446
27700
27493
27351
27602
27596
27570
27565
27254
27701
27374
27371
27577
27360
27401
27252
27825
27542
27262
27600
27534
27215
27501
27763
27651
27340
27371
27594
27450
27760
27436
27515
27514
27268
27523
27480
27322
27418
27703
27533
27468
27764
27445
27293
27521
27870
27350
27327
27422
27375
27375
27610
27462
27260
27365
27524
27525
27432
27522
27583
27442
27265
27387
27512
27477
27397
27404
27840
27572
27372
27431
27281
27381
27521
27758
27368
27366
27397
27660
27325
27408
27260
27280
27357
27378
27556
27572
27358
27787
27330
27340
27618
27364
27363
27312
27461
27480
27337
27915
27446
27493
27478
27538
27537
27350
27517
27608
27438
27384
27398
27581
27426
27550
27380
27254
27667
27604
27243
27494
27276
27668
27481
27396
27512
27383
27493
27358
27490
27581
27463
27671
27826
27507
27417
27424
27387
27364
27758
27371
27421
27305
27621
27564
27630
27423
27427
27563
27244
27611
27472
27398
27456
27478
29314
27364
27627
27552
27602
27297
27304
27511
27451
27362
27466
27372
27458
27446
27351
28668
27615
27446
27441
27264
27382
27563
27286
27551
27394
27365
27494
27581
27302
27541
27558
27452
27521
27343
27416
27430
27823
27397
27460
27448
27308
27580
27554
27613
27468
27445
27515
27482
27441
27340
27262
27541
27327
27375
27361
27408
27342
27343
27326
27554
27391
27803
27347
27468
27433
27463
27550
27563
27478
27563
27330
27460
27658
27396
27606
27403
27414
27451
27476
27562
27610
27332
27612
27233
27381
27237
27490
27658
27605
27395
27227
27680
27393
27545
27611
27488
27645
27577
27347
27453
27541
27694
27448
27588
27578
27237
27445
27798
27221
27667
27223
27482
27841
27497
27285
27453
27275
27423
27525
27402
27452
27305
27484
27494
27248
27516
27382
27600
27231
27475
27403
27405
27582
27360
27440
27771
27406
27421
27526
27603
27333
27500
27731
27392
27504
27365
27622
27365
27617
27706
27250
27420
27502
27648
27577
27331
27287
27538
27561
27268
27477
27461
27435
27482
27374
27481
27385
27384
27338
27798
27632
27507
27667
27317
27423
27438
27621
27577
27294
27247
27693
27327
27218
27462
27323
27497
27317
27545
27350
27295
27512
27444
27523
27375
27381
27420
27544
27332
27332
27833
27721
27577
27307
27396
27338
27691
27491
27481
27617
27333
27606
27371
27325
27356
27338
27812
27375
27507
27605
27288
27481
27666
27466
27377
27523
27615
27470
27193
27552
27903
27521
27677
27388
27423
27676
27391
27663
27422
27412
27364
27420
27633
27262
27325
27361
27391
27400
27456
27395
27298
27330
27497
27264
27360
27517
27702
27446
27481
27368
27947
27630
27454
27358
27428
27722
27568
27502
27434
27350
27530
27641
27388
27598
27311
27374
27322
27415
27563
27368
27694
27651
27266
27618
27560
27725
27366
27358
27690
27288
27600
27773
27378
27524
27658
27522
27381
27412
27685
27468
27843
27386
27446
27861
27330
27314
27504
27416
27401
27347
27348
27397
27324
27700
27278
27393
27797
27283
27666
27416
27622
27415
27388
27411
27480
27555
27506
27206
27435
27315
27318
27465
27378
27454
27341
27398
27421
27698
27408
27531
27330
27546
27308
27200
27581
27480
27460
27346
27473
27541
27332
27515
27581
27478
27583
27386
27512
27186
27332
27728
27641
27622
27401
27346
27583
27373
27662
27264
27385
27671
27568
27613
27234
27203
27477
27238
27507
27325
27400
27471
27444
27291
27443
27784
27560
27355
27377
27553
27321
27572
27486
27268
27443
27410
27900
27477
27368
27518
27558
27477
27581
27325
27398
27222
27802
27528
27263
27443
27401
27728
27347
27208
27558
27191
27380
27243
27363
27114
27305
27438
27474
27252
27426
27406
27550
27334
27445
27450
27532
27885
28281
27504
27775
27765
27338
27571
27281
27341
27300
27526
27415
27334
27266
27338
27645
27398
27506
27721
27453
27573
27487
27580
27423
26945
26945
27253
27182
27084
27265
27342
27481
27133
27302
27584
27148
27386
27316
27517
27424
27340
27625
27415
27588
27362
27450
27452
27393
27150
27637
27306
27592
27510
27815
27565
27545
30065
27653
27331
27546
27464
27682
27565
27535
27637
27468
27213
27351
27527
27557
27270
27325
27337
27568
27263
27362
27276
27353
27326
27605
27522
27474
27415
27386
27452
27350
27594
27433
27310
27513
27971
27463
27517
27386
28811
27645
27518
27673
27503
27331
27528
27592
27402
27297
27563
27321
27385
27537
27354
27341
27390
27438
27647
27527
27568
27807
27302
27581
27375
27310
27793
27395
27722
27624
27615
27707
27511
27566
27260
27431
27457
27672
28044
27471
27298
27532
27863
27434
27565
27308
27476
27272
27296
27513
27330
27544
27405
27410
27546
27541
27391
27245
27531
27418
27314
27507
27286
27450
27516
27344
27608
27361
27530
27366
27593
27552
27365
27404
27422
27271
27183
27598
27383
27325
27270
27552
27394
27464
27440
27340
27455
27806
27547
27455
27160
27468
27661
27495
27483
27350
27556
27663
27586
27546
27581
27377
27632
27455
27528
27350
27490
27726
27353
27401
27358
27227
27566
27436
27343
27416
27792
27508
27430
27528
27336
27476
27885
27337
27568
27608
27484
27810
27392
27606
27638
27910
27438
27343
28006
27425
27366
27408
27441
27573
27263
27652
27632
27478
27184
27575
27250
27645
27420
27485
27876
27545
27444
27542
27551
27481
27715
27541
27844
27403
27516
27833
27500
27531
27280
27568
27423
27491
27398
27251
27478
27493
27564
27461
27261
27366
27267
27616
27526
27367
27756
27310
27396
27343
27467
29181
27555
27545
27332
27373
27498
27733
27555
27444
27278
27574
27425
27443
27571
27377
27521
27400
27302
27523
27370
27622
27315
27966
27274
27378
27260
27396
27458
27477
27485
27357
27456
27527
27632
27485
27663
27547
27360
27394
27538
27456
27468
27381
27433
27366
27504
27445
27294
27447
27382
27373
27396
27280
27312
27546
27243
27731
27553
27560
27472
27647
27653
27331
27365
27716
27581
27493
27412
27396
27391
27917
27598
27296
27431
27534
27716
27451
27550
27522
27383
27507
27501
27330
27294
27432
27276
27353
27308
27428
27257
27593
27352
27387
27411
27585
27385
27342
27491
27376
27735
27704
27303
28958
27584
27540
27397
27476
27563
27484
28038
27391
27438
27342
27324
27314
27550
27341
27523
27426
27918
27683
27684
27946
27310
27503
27486
27447
27465
27615
27218
27543
27357
27540
27433
27677
27524
27320
27786
27328
27386
27468
27621
27318
27211
27384
27661
27488
27265
27463
27603
27335
27183
27410
27334
27345
27546
27514
27501
27588
27614
27408
27345
27598
27401
27486
27370
27222
27353
27578
27197
28156
27626
27247
27635
27567
27261
27315
27696
27613
27447
28077
27647
27296
27431
27575
27313
27315
27628
27475
27551
27358
27034
27305
27617
27286
27118
27332
27094
27338
27404
27932
27415
27280
27535
27423
27573
27525
27277
27313
27475
27436
27682
27462
27550
27431
27137
27504
27122
27354
27383
27563
27542
27340
27255
27580
27651
28042
27276
27487
27197
27108
27254
27352
27413
27500
27344
27341
27915
27282
27385
27481
27381
27588
27383
27343
27318
27611
27250
27824
27414
27371
27474
27382
27418
27463
27623
27446
27242
27351
27760
27320
29278
27404
27575
27480
27423
27467
27425
27507
27656
27416
27447
27444
27404
27502
27237
27483
27328
27644
27325
27403
27534
27447
27354
27582
27276
27426
27415
27672
27754
27327
27825
27813
27480
27657
27338
27667
27780
27472
27393
27511
27406
27462
27367
27351
27366
27334
27371
27363
27408
27411
27268
27817
27281
27372
27523
27480
27616
27475
27308
27511
27467
27520
27420
27431
27516
27450
27774
27531
27411
27581
27522
27333
27570
27634
27381
27278
27326
27495
27151
27675
27245
27327
27298
27421
27325
27475
27431
27583
27890
27495
27437
27355
27648
27465
27344
27315
27381
27485
27372
27546
27390
27435
27536
27290
27850
27380
27555
27677
27392
27377
27242
27370
27598
27358
27360
27480
27324
27538
27408
27663
27527
27375
27412
27523
27434
27557
27386
27570
27424
27562
27461
27465
27586
27513
27563
27332
27571
27385
27382
27311
27563
27511
27355
28406
27272
27434
27451
27917
27367
27308
27590
27471
27366
27376
27423
27547
27381
27383
27630
27377
27468
27660
27372
27478
27320
27460
27398
27333
27751
27312
27294
27275
27364
27516
27332
27843
27270
27257
27395
27346
27654
27430
27318
27580
27393
27486
27705
27867
27468
27255
27591
27450
27444
27504
27563
27512
27426
27418
27670
27462
27465
27838
27386
27442
27425
27598
27310
27468
27321
27363
27603
27802
27362
27358
27757
27580
27476
27437
27747
27408
27500
27584
27795
27524
27303
27372
27597
27628
27365
27518
27647
27427
27607
27400
27588
27352
27402
27254
27434
27691
27391
27410
27401
27461
27403
27374
27718
27505
27274
27510
27418
27682
27451
27346
27682
27410
27618
28581
27516
27605
27501
27418
27316
27326
27567
27951
27701
27461
27583
27521
27332
27553
27620
27446
27528
27480
27311
27868
27383
27693
27535
27426
27595
27380
27415
27542
27355
27466
27475
27827
27576
27468
27512
27330
27570
27596
27268
27628
27362
27656
27453
27366
27590
27402
27321
26926
27222
27334
27297
27372
27577
27686
27420
27421
27533
27487
27362
27354
27538
27377
27537
27621
27598
27454
27506
27540
27482
27602
27387
27534
27590
27282
27587
27432
27804
27498
27508
27308
27507
27365
27347
27452
27336
27320
27598
27447
27584
27317
27463
27252
27408
27424
27544
27510
27556
27561
27621
27500
27401
27342
28075
27285
27208
27313
27350
27344
27585
27913
27378
27303
27696
27495
27255
27346
27401
29796
27373
27312
27561
27751
27528
27454
27425
27462
27565
27671
27482
27355
27416
27541
27753
27493
27604
27350
27335
27420
27427
27457
27320
27901
27655
27327
27501
27490
27221
27321
27305
27850
27677
27500
27484
27373
27392
27931
27797
27462
27661
27960
27584
27594
27332
27582
27355
27241
27446
27432
27544
27497
27367
27561
27196
27595
27290
27420
27444
27511
27644
27330
27336
27455
27530
27536
27427
27541
27530
27434
27637
27495
27458
27794
27428
27483
27422
27428
27418
27474
27658
27422
27273
27642
27340
27423
27421
27796
27447
27253
27336
27903
27281
27603
27322
27452
27614
27705
27300
27411
27360
27606
27751
27530
27233
27426
27782
27507
27397
27263
27512
27364
27738
27437
27721
27355
27607
27420
27331
27358
27512
27268
27532
27410
27626
27443
27438
27542
27594
27693
27476
27425
27472
27398
27536
27428
27532
27630
27367
27532
27362
27455
27331
27278
27702
27293
27663
27750
27532
27513
27323
27423
27301
27446
27511
27435
27533
27588
27308
27648
27515
27781
27464
27420
27773
27340
27507
27496
27534
27895
27530
27591
27402
27321
27860
27274
27458
27396
27227
27516
27432
27310
27318
28801
27357
27391
27487
27420
27115
27431
27687
27614
27347
27425
27426
27328
27344
27613
27411
27475
27525
27456
27922
27371
27587
27924
27441
27660
27517
27487
27411
27608
27617
27535
27298
27481
27258
27334
27586
27378
27342
27357
29121
27516
27652
27542
27290
27313
27580
27495
27812
27393
27374
27807
27433
27564
27442
27375
27631
27550
27723
27363
27232
27598
27321
27556
27352
27471
27531
27292
27821
27957
27467
27448
27243
27657
27303
27463
27963
27628
27467
27558
27812
27550
27441
27573
27585
27597
27471
27448
27558
27525
27610
27437
27310
27448
27344
27486
27442
27595
27297
27558
27330
27624
27326
27387
27672
27607
27335
27546
27490
27385
27215
27615
27334
27318
27483
27500
27541
27477
27605
27614
27641
27543
27513
27333
27481
27381
27544
27370
27346
27623
27450
27392
27575
27460
27540
27405
27301
27578
27516
27458
27394
27353
27558
27432
27622
27457
27383
27470
27518
27783
27444
27507
27473
27377
27752
27557
27841
27416
27423
27364
27355
27367
27363
27306
27360
27512
27421
27476
27333
27436
27633
27488
27630
27315
27406
27537
27514
27712
27316
27683
27515
27763
27611
27406
27594
27368
27593
27433
27435
27382
27328
27565
27447
27418
27408
27344
27342
27382
27363
27478
27567
27510
27633
27470
27422
27488
27457
27364
27581
27487
27724
27645
27548
27485
27460
27467
27364
27520
27536
27333
27235
27326
27536
27551
27418
27586
27395
27260
27670
27740
27234
27437
27392
27837
27346
27337
27560
27600
28015
27502
27340
27777
27291
27432
27540
27510
27473
27384
27423
27383
27351
27825
27290
27353
27571
27411
27488
27471
27371
27385
27430
27402
27264
27433
27634
27388
27243
27482
27825
27733
27650
27455
27348
27852
27440
27370
27473
27514
27372
27933
27683
27353
27638
27715
27744
27280
27391
27523
27253
27686
27312
27515
27525
27442
27336
27474
27396
27604
27456
27444
27716
29392
27515
27435
27952
27502
27615
27636
27363
27597
27335
27700
27463
27481
27960
27630
27618
27284
27326
27365
27943
27513
27315
27670
27352
27478
27437
27375
27386
27603
27307
27401
27481
27296
27540
27393
27817
27443
27592
29391
27573
27405
27496
27421
27525
27340
27672
27405
27588
27222
27542
27387
27304
27570
27507
27451
27513
27501
27314
27322
27614
27350
27986
27403
27305
27466
27341
27555
27371
27433
28005
27536
27552
27618
27328
27643
27358
27722
27675
27460
27412
27438
27417
27288
27215
27724
27285
27340
27364
27610
27364
27352
27554
27922
27302
27487
27424
27534
27491
27300
27544
27434
27512
27513
27642
27453
27273
27486
27550
27443
27683
27286
27621
27493
27328
27591
27265
27445
27347
27307
27413
27495
27527
27453
27343
27551
27513
27603
27598
27305
27355
27565
27418
27541
27326
27953
27608
27750
27857
27652
27511
27612
27687
27430
27166
27276
27750
27360
27418
27774
27357
27398
27303
27386
27436
27427
27403
27475
27338
27930
27460
27901
27607
27230
27372
27804
27421
27610
27373
27617
27373
27484
27446
27357
27688
27557
27392
27381
27385
27605
27504
27893
27515
27231
27463
27297
27364
27388
27354
27790
27347
27803
27500
27761
27695
27368
27765
27526
27220
27627
27700
27570
27364
27338
27421
27425
27550
27477
27210
27338
27425
27285
27475
27540
27332
27343
27781
27487
27475
27852
27340
27346
27498
27375
29342
27477
27417
27695
27573
27357
27414
27543
27455
27435
27366
27694
27404
27310
27660
27216
27457
27512
27356
27426
27253
27576
27592
27892
27313
27303
27476
27365
27373
27711
27433
27712
27386
27600
27465
27405
27570
27558
27435
27572
27614
27707
27416
27448
27381
27668
27907
27382
27285
27391
27600
27510
27333
27777
27280
27308
27363
27534
27421
27560
27440
27532
27317
27441
27424
27433
27557
27517
27545
27627
27536
27482
27343
27662
27635
27483
27642
27335
27386
27738
27328
27521
27481
27817
27246
27525
27624
27655
27312
27653
27288
27317
27523
27398
27392
27555
27460
27665
27276
27274
27458
27318
27535
27618
27488
27443
27425
27428
27673
27303
27424
27222
27482
27291
27586
27383
27272
27551
27330
27558
27813
27396
27196
27525
27633
27475
27593
27456
27403
27477
27391
27531
27312
27522
27895
28051
27381
27506
27898
27507
27458
27278
27506
27468
27518
27441
27455
27506
27246
27492
27415
27262
27466
27674
27313
27454
27235
27391
27444
27422
27455
27302
27525
27664
27388
27382
27400
27430
27551
27488
27385
27973
27495
27474
27546
27506
27420
27402
27510
27723
27490
27746
27453
27531
27512
27937
27166
27462
27393
27418
27457
27614
27352
27555
27801
27280
27385
27521
27626
27367
27294
27822
27471
27695
27338
27252
27598
27274
27411
27448
27505
27425
27448
27534
27304
27281
27632
27491
27338
27230
27472
27501
27397
27430
27538
27378
27740
27408
27801
27321
27544
27588
27435
27420
27347
27653
27472
27326
27698
27386
27487
27452
27300
27408
27498
27423
27527
26943
27334
27725
27343
27716
27636
27450
27590
27623
27352
27602
27338
27641
27304
29475
27612
27434
27456
27435
27453
27621
27595
27668
27413
27312
27563
27357
27485
27390
27177
27684
27377
27627
27243
27537
27348
27298
27430
27437
27470
27690
27431
27414
27332
27354
27516
27361
27748
27353
27713
27607
27552
27413
27392
27363
27522
27328
27261
27441
27262
27486
27312
27334
27287
27265
27494
27365
27255
27505
27531
27742
27254
27654
27466
27345
27607
27350
27423
27713
27302
27422
27301
27516
27632
27392
27502
27230
27733
27455
27748
27377
27353
27343
27195
27451
27471
27446
27147
27481
27228
27492
27477
27522
27592
27902
27523
27735
27264
27365
27474
27494
27395
27694
27580
27458
27530
27570
27380
27405
27418
27284
27423
27480
27507
27514
27383
27856
27270
27226
27568
27514
27263
27423
27548
27537
27397
27592
27391
27365
27347
27436
27535
27360
27427
27906
27340
27457
27352
28078
27697
27182
27695
27196
27342
27397
27363
27386
27528
27393
27376
27247
27427
27552
27537
27501
27391
28005
27362
27656
27530
27313
27430
27453
27397
27370
27444
27683
27564
28106
27482
27471
27291
27423
27328
27435
27552
27338
28050
27272
27671
27397
27297
27307
27356
27463
27637
27440
27483
27812
27607
27400
27371
27696
27325
27315
27457
27625
27425
27326
27411
27608
27474
27426
27557
27366
27586
27484
27448
27528
27387
27333
27405
27455
27325
27288
27327
27562
27490
27504
27708
27454
27376
27535
27481
27296
27624
27317
29098
27580
27460
27874
27760
27531
27536
27507
27354
27445
27512
27402
27716
27316
27222
27377
27473
27382
27412
27632
27263
27545
27266
27441
27725
27370
27454
27466
27595
27476
27296
27587
27392
27813
27398
27552
27394
27437
27793
27578
27287
27334
27696
27335
27296
27364
27357
27298
27294
27872
27271
27416
27286
27481
27386
27427
27470
27486
27578
27534
27578
27602
27432
27521
27971
27472
27388
28432
27706
27950
27765
27463
27280
27365
27553
27435
27626
27554
27267
27818
27493
27411
27303
27283
27903
27323
27373
27451
27377
27533
27373
27455
27425
27447
27487
27278
27293
27463
27304
27892
27405
27315
27921
27424
27616
27388
27582
27746
27482
27682
27364
27493
27281
27522
27391
27431
27266
27660
27413
27342
27455
27392
27571
27535
27334
27402
27365
27590
27312
27680
27455
27767
27456
27450
27367
27914
27464
27333
27325
27386
27508
27336
27356
27338
27535
27661
27310
27393
27340
27464
27453
27366
27406
27658
27322
27672
27497
27750
27631
27435
27546
27494
27603
27553
27395
27383
27653
27753
27378
27401
27744
27381
27394
27546
27243
27561
27371
27678
27472
27743
27722
27454
27348
27463
27378
27433
27585
27350
27605
27255
27412
27706
27258
27543
27381
27610
27417
27403
27436
27414
27478
27571
27325
27563
27248
27533
27542
27271
27547
27571
27290
27887
27327
27501
27291
27368
27643
27685
27412
27338
27332
27580
27298
27498
27668
27824
27603
27350
27437
27625
27462
27452
27442
27294
27613
27575
27531
27772
27374
27424
27245
27478
27317
27284
27414
27328
27565
27672
27672
27478
27184
27524
27423
27331
27711
27596
27402
27376
27532
27397
27321
27273
27431
27656
27330
27608
27756
27571
27241
27468
27274
27384
27672
27682
27433
27347
27441
27427
27462
27360
27306
27666
27463
27570
27420
27605
27567
27441
27651
27500
27611
27364
27650
27402
27508
27364
27371
27540
27630
27283
27931
27395
27391
27390
27205
27502
27292
27515
27365
27696
27393
27323
27364
27363
27636
27420
27395
27521
27482
27500
27582
27456
27542
27961
27565
27884
27728
27705
27438
27316
27445
27357
27845
27252
27341
27365
27434
27737
27515
27422
27351
27338
27408
27453
27341
27627
27276
27750
27432
27723
27450
27360
27314
27472
27831
27453
27654
27491
27473
27668
27392
27248
27528
27681
27347
27365
27462
27323
27461
27637
27492
27445
27356
27658
27326
27325
27570
27448
27518
27335
27397
27548
27183
27315
27342
27481
27760
27382
27635
27551
27352
27592
27384
27331
27354
27251
27736
27285
27348
27415
27550
27544
27276
27508
27507
27470
27385
27587
27431
27457
27285
27792
27284
27294
27565
27392
27553
27382
27320
27460
27485
27350
27821
27624
27492
27390
27695
27401
27313
27408
27656
27427
27261
27444
27431
27144
27643
27370
27155
27397
27273
27732
27405
27612
27527
27533
27763
27418
28166
27558
27535
27295
27594
27505
27455
27476
27582
27378
27404
27666
27402
27376
27496
27387
27698
27364
27622
27347
27293
27632
27250
27252
27657
27418
27545
27595
27293
27557
27207
27404
27425
27370
27563
27411
29470
27380
27470
27495
27337
27551
27595
27394
27653
27381
27624
27423
27301
27460
27322
27515
27386
27397
27262
27591
27715
27785
27493
27472
27446
27575
27353
27251
27657
27313
27524
27400
27814
27411
27462
27638
27542
27298
27617
27848
27720
27435
27531
27623
27461
27500
27374
27461
27202
27602
27705
27455
27381
27426
27547
27393
27307
27376
27558
27308
27401
27512
27438
27516
27901
27408
27668
27481
27514
27368
27476
27303
27436
27371
27361
27392
27364
27446
27233
27792
27527
27812
27301
27500
27427
27456
27600
27654
27266
27508
27536
27570
27426
27581
27623
27317
27414
27565
27254
27513
27445
27361
27501
27646
27526
27402
27580
27574
27301
27656
27245
27248
27381
27318
27315
27395
27364
27571
27363
27596
27435
27433
27481
27227
27346
27605
27364
27386
27362
27513
27442
27481
27466
27247
27764
27292
27325
27451
27303
27350
27661
27632
27311
27252
27418
28016
27300
27433
27530
27496
27444
27832
27632
27502
27418
27520
27550
27434
27382
27624
27402
27784
27372
27533
27301
27476
27310
27401
27847
27351
27393
27384
27265
27705
27177
27441
27314
27601
27456
27560
27604
27585
27260
27507
27474
27350
27253
27605
27832
27333
27437
27502
27302
27775
27465
27304
27376
27365
27743
27405
27283
27813
27454
27424
27293
27587
27331
27485
27523
27426
27244
27413
27942
27807
27388
27476
27287
27430
27788
27428
27268
27437
27284
29113
27688
27725
27402
27454
27592
27525
27236
27428
27684
27387
27448
27307
27441
27496
27415
27401
27561
27510
27246
27384
27707
27512
27651
27421
27307
27751
27975
27338
27462
27472
27460
27714
27800
27500
27433
27641
27444
27451
27706
27782
27817
27505
27403
27665
27265
27557
27218
27256
27421
27418
27412
27373
27352
27494
27225
27557
27577
27467
27628
27473
27427
27363
27467
27554
27386
27423
27506
27517
27470
27275
27596
27392
27251
27522
27255
27342
27260
27601
27522
27281
27334
27327
27273
27492
27350
27584
27373
27400
27403
27446
27500
27470
27666
27546
27366
27637
27628
27537
27733
27537
27492
27334
27344
27371
27288
27293
27565
27386
27416
27422
27260
27380
27413
27415
27231
27377
27415
27498
27451
27441
27448
27778
27472
27404
27484
27418
27474
27812
27393
27482
27345
27506
27343
27272
27704
27306
27430
27292
27421
27595
27382
27746
27332
27355
27401
27945
27296
27382
27634
27923
27241
27727
27323
27458
27780
27242
27702
27674
27363
27478
27390
27401
27545
27428
27761
27201
27611
27408
27581
27468
27318
27343
27408
27474
27401
27188
27316
27608
27412
27531
27423
27843
27460
27583
27541
27488
27284
27715
27550
27446
27670
27427
27764
27528
27356
27555
27391
27283
27566
27464
27401
27244
27567
27385
27396
27886
27352
27798
27351
27271
27252
27438
27448
27685
27220
27862
27146
27390
27370
27307
27478
27441
27405
27534
27611
27646
27906
27500
27403
27346
27670
27904
27555
27513
27300
27487
27322
27591
27815
27697
27352
27517
27362
27432
27334
27671
27588
27383
27798
27530
27522
27597
27395
27402
27444
27566
27777
27447
27445
27710
29400
27341
27337
28426
28491
28370
28817
28397
28743
28583
28381
28262
28548
28746
28290
28438
28346
28555
28558
28610
28336
27646
27298
27386
27397
27577
27406
27624
27604
27460
27560
27382
27325
27475
27524
27417
27408
27705
27317
27655
27446
27524
27674
27716
27370
27560
27617
27292
27615
27530
27500
27867
27383
27561
27554
27564
27547
27382
27316
27471
27561
27467
27507
27601
27750
27337
27466
27606
27553
27612
27415
27348
27323
27517
27312
27286
27317
27552
27291
27363
27387
27457
27294
27466
27784
27480
27484
27632
27657
27431
27331
27564
27510
27360
27512
27616
27574
